0,212
0,212
0,212
0,212
0,212
0,212
0,212
0,212
0,211
0,212
0,212
0,212
0,212
0,211
0,212
0,212
0,212
0,212
0,212
0,212
0,212
0,211
0,212
0,211
0,211
0,211
0,212
0,212
0,212
0,211
0,212
0,212
0,211
0,212
0,212
0,211
0,211
0,212
0,212
0,211
0,212
0,212
0,212
0,212
0,212
0,212
0,212
0,212
0,212
0,212
0,212
0,212
0,212
0,212
0,212
0,212
0,212
0,211
0,212
0,212
0,212
0,212
0,211
0,211
0,212
0,212
0,212
0,212
0,212
0,212
0,212
0,212
0,212
0,212
0,212
0,211
0,212
0,212
0,212
0,212
0,211
0,212
0,212
0,212
0,212
0,210
0,212
0,212
0,211
0,211
0,211
0,212
0,212
0,212
0,212
0,212
0,212
0,211
0,211
0,211
0,212
0,212
0,212
0,211
0,212
0,212
0,212
0,212
0,211
0,212
0,212
0,212
0,212
0,212
0,212
0,212
0,212
0,212
0,212
0,212
0,212
0,212
0,211
0,212
0,212
0,212
0,212
0,212
0,212
0,212
0,212
0,211
0,212
0,212
0,212
0,212
0,210
0,212
0,212
0,212
0,212
0,212
0,212
0,212
0,212
0,212
0,212
0,212
0,212
0,212
0,212
0,212
0,212
0,212
0,211
0,212
0,212
0,212
0,212
0,212
0,212
0,212
0,212
0,212
0,211
0,212
0,212
0,212
0,212
0,212
0,212
0,212
0,212
0,212
0,212
0,212
0,212
0,212
0,212
0,212
0,212
0,212
0,212
0,212
0,212
0,212
0,212
0,212
0,212
0,212
0,212
0,212
0,212
0,212
0,212
0,211
0,212
0,211
0,212
0,212
0,212
0,211
0,211
0,212
0,212
0,212
0,212
0,212
0,212
0,212
0,212
0,212
0,212
0,212
0,212
0,212
0,212
0,212
0,212
0,212
0,212
0,212
0,212
0,212
0,212
0,212
0,212
0,211
0,212
0,212
0,212
0,212
0,212
0,212
0,212
0,212
0,212
0,212
0,212
0,212
0,212
0,212
0,212
0,212
0,212
0,211
0,212
0,211
0,212
0,212
0,210
0,212
0,212
0,212
0,212
0,212
0,212
0,212
0,212
0,212
0,212
0,212
0,212
0,212
0,212
0,212
0,212
0,212
0,212
0,212
0,212
0,212
0,212
0,212
0,212
0,211
0,212
0,212
0,212
0,212
0,212
0,212
0,211
0,212
0,211
0,212
0,212
0,212
0,211
0,212
0,212
0,212
0,211
0,211
0,211
0,212
0,211
0,211
0,211
0,211
0,211
0,211
0,211
0,210
0,210
0,211
0,210
0,210
0,209
0,210
0,210
0,209
0,209
0,208
0,208
0,208
0,207
0,207
0,206
0,207
0,206
0,205
0,205
0,203
0,204
0,203
0,203
0,203
0,200
0,201
0,201
0,200
0,200
0,200
0,200
0,199
0,199
0,199
0,199
0,199
0,199
0,199
0,199
0,199
0,199
0,199
0,199
0,199
0,199
0,199
0,199
0,199
0,200
0,200
0,200
0,200
0,200
0,200
0,200
0,200
0,201
0,201
0,200
0,201
0,201
0,201
0,201
0,201
0,201
0,201
0,201
0,201
0,201
0,201
0,201
0,201
0,201
0,201
0,202
0,202
0,201
0,202
0,201
0,201
0,201
0,202
0,201
0,202
0,202
0,201
0,201
0,202
0,202
0,202
0,202
0,202
0,202
0,202
0,202
0,202
0,202
0,202
0,202
0,202
0,202
0,202
0,201
0,202
0,202
0,202
0,202
0,202
0,202
0,202
0,201
0,201
0,200
0,200
0,199
0,199
0,198
0,197
0,195
0,193
0,190
0,187
0,183
0,178
0,174
0,167
0,160
0,162
0,160
0,158
0,162
0,161
0,165
0,169
0,173
0,176
0,178
0,179
0,181
0,180
0,180
0,180
0,180
0,181
0,181
0,181
0,182
0,181
0,182
0,183
0,183
0,183
0,183
0,183
0,183
0,184
0,184
0,184
0,184
0,185
0,185
0,185
0,185
0,185
0,185
0,185
0,186
0,185
0,186
0,186
0,186
0,186
0,186
0,186
0,186
0,187
0,186
0,186
0,187
0,187
0,187
0,187
0,187
0,187
0,187
0,187
0,187
0,187
0,187
0,187
0,188
0,188
0,187
0,188
0,188
0,188
0,188
0,188
0,188
0,188
0,188
0,188
0,188
0,188
0,188
0,188
0,188
0,187
0,187
0,186
0,186
0,185
0,184
0,182
0,181
0,180
0,178
0,175
0,171
0,168
0,163
0,159
0,157
0,153
0,151
0,150
0,147
0,146
0,149
0,148
0,152
0,154
0,153
0,155
0,156
0,157
0,157
0,157
0,158
0,158
0,159
0,159
0,160
0,160
0,159
0,162
0,162
0,163
0,163
0,162
0,164
0,164
0,164
0,165
0,165
0,165
0,165
0,166
0,166
0,166
0,166
0,166
0,166
0,167
0,167
0,167
0,167
0,168
0,168
0,168
0,168
0,168
0,169
0,169
0,169
0,169
0,169
0,169
0,169
0,169
0,170
0,170
0,170
0,170
0,170
0,170
0,170
0,171
0,171
0,170
0,171
0,171
0,171
0,171
0,171
0,172
0,170
0,172
0,172
0,172
0,172
0,171
0,172
0,172
0,172
0,172
0,172
0,173
0,173
0,172
0,172
0,170
0,170
0,169
0,168
0,167
0,165
0,163
0,162
0,160
0,158
0,155
0,153
0,150
0,148
0,143
0,136
0,134
0,129
0,123
0,123
0,121
0,117
0,117
0,117
0,120
0,123
0,122
0,127
0,1
0,124
0,127
0,125
0,127
0,127
0,127
0,1
0,129
0,130
0,131
0,131
0,133
0,133
0,134
0,134
0,135
0,136
0,136
0,136
0,137
0,137
0,138
0,138
0,138
0,139
0,139
0,140
0,140
0,140
0,140
0,141
0,141
0,142
0,142
0,142
0,142
0,143
0,143
0,143
0,143
0,141
0,144
0,144
0,144
0,144
0,143
0,144
0,145
0,145
0,145
0,145
0,146
0,146
0,146
0,146
0,146
0,146
0,147
0,147
0,147
0,147
0,147
0,147
0,147
0,148
0,148
0,148
0,148
0,149
0,148
0,149
0,149
0,148
0,147
0,145
0,143
0,141
0,138
0,137
0,132
0,130
0,126
0,123
0,118
0,115
0,112
0,106
0,104
0,99
0,98
0,95
0,94
0,89
0,86
0,85
0,86
0,85
0,84
0,86
0,86
0,88
0,88
0,87
0,90
0,92
0,92
0,93
0,93
0,95
0,96
0,97
0,97
0,97
0,99
0,100
0,100
0,101
0,101
0,102
0,102
0,103
0,103
0,103
0,104
0,104
0,105
0,105
0,106
0,106
0,106
0,107
0,107
0,107
0,108
0,108
0,108
0,109
0,109
0,109
0,110
0,110
0,110
0,111
0,111
0,111
0,112
0,112
0,112
0,113
0,113
0,113
0,113
0,114
0,114
0,141
0,114
0,115
0,115
0,115
0,114
0,115
0,115
0,116
0,116
0,115
0,116
0,116
0,116
0,117
0,117
0,117
0,117
0,117
0,116
0,115
0,112
0,110
0,106
0,103
0,99
0,95
0,89
0,86
0,82
0,78
0,72
0,68
0,63
0,59
0,54
0,53
0,48
0,44
0,41
0,42
0,41
0,39
0,38
0,39
0,40
0,41
0,37
0,44
0,46
0,47
0,48
0,48
0,50
0,50
0,51
0,52
0,53
0,54
0,55
0,55
0,56
0,57
0,58
0,59
0,59
0,59
0,60
0,61
0,61
0,62
0,62
0,63
0,63
0,64
0,64
0,65
0,65
0,66
0,66
0,66
0,67
0,68
0,68
0,68
0,69
0,69
0,69
0,70
0,68
0,70
0,71
0,71
0,71
0,71
0,72
0,72
0,73
0,73
0,73
0,73
0,73
0,74
0,74
0,74
0,75
0,75
0,75
0,75
0,76
0,76
0,76
0,77
0,77
0,77
0,77
0,77
0,77
0,77
0,75
0,71
0,67
0,63
0,56
0,51
0,44
0,46
0,32
0,24
0,16
0,12
0,3
1,0
1,0
1,253
1,248
1,246
1,245
1,245
1,242
1,244
1,245
1,245
1,249
1,250
1,252
1,253
1,255
1,255
1,0
0,2
0,3
0,3
0,5
0,5
0,6
0,7
0,8
0,9
0,10
0,11
0,11
0,12
0,11
0,14
0,14
0,15
0,16
0,16
0,17
0,18
0,18
0,19
0,19
0,20
0,21
0,21
0,22
0,22
0,23
0,23
0,24
0,24
0,25
0,25
0,26
0,26
0,26
0,26
0,27
0,27
0,28
0,28
0,28
0,28
0,28
0,29
0,29
0,29
0,29
0,28
0,30
0,30
0,31
0,31
0,31
0,31
0,32
0,32
0,32
0,32
0,32
0,31
0,28
0,24
0,18
0,12
0,6
1,255
1,249
1,242
1,236
1,229
1,226
1,218
1,213
1,212
1,206
1,205
1,199
1,199
1,197
1,196
1,197
1,199
1,197
1,201
1,201
1,203
1,204
1,206
1,207
1,208
1,210
1,211
1,212
1,213
1,214
1,215
1,216
1,217
1,217
1,218
1,219
1,220
1,220
1,221
1,222
1,222
1,223
1,224
1,224
1,225
1,226
1,226
1,227
1,228
1,228
1,228
1,229
1,230
1,230
1,230
1,231
1,232
1,232
1,233
1,233
1,234
1,234
1,234
1,235
1,235
1,236
1,236
1,237
1,237
1,238
1,238
1,238
1,239
1,238
1,239
1,240
1,240
1,240
1,240
1,241
1,241
1,242
1,242
1,242
1,242
1,242
1,242
1,242
1,242
1,242
1,241
1,237
1,235
1,229
1,224
1,219
1,212
1,206
1,199
1,192
1,184
1,180
1,175
1,170
1,164
1,161
1,151
1,153
1,147
1,142
1,137
1,137
1,136
1,134
1,135
1,134
1,134
1,137
1,137
1,139
1,140
1,142
1,143
1,145
1,146
1,148
1,149
1,140
1,151
1,152
1,153
1,155
1,155
1,156
1,157
1,158
1,159
1,160
1,161
1,162
1,162
1,163
1,164
1,165
1,166
1,166
1,167
1,167
1,168
1,169
1,169
1,170
1,171
1,171
1,169
1,172
1,173
1,173
1,174
1,174
1,175
1,175
1,176
1,176
1,176
1,177
1,178
1,178
1,179
1,179
1,180
1,180
1,181
1,181
1,182
1,182
1,183
1,183
1,183
1,184
1,185
1,183
1,186
1,186
1,187
1,187
1,181
1,178
1,172
1,165
1,159
1,152
1,145
1,136
1,129
1,123
1,118
1,111
1,106
1,100
1,97
1,90
1,87
1,87
1,82
1,78
1,75
1,78
1,76
1,76
1,78
1,77
1,79
1,80
1,81
1,83
1,84
1,86
1,87
1,88
1,90
1,91
1,92
1,93
1,94
1,95
1,96
1,97
1,98
1,99
1,97
1,100
1,101
1,102
1,103
1,103
1,104
1,105
1,106
1,106
1,107
1,108
1,108
1,109
1,110
1,111
1,111
1,112
1,112
1,113
1,114
1,114
1,115
1,115
1,116
1,116
1,117
1,117
1,118
1,119
1,119
1,120
1,120
1,121
1,121
1,121
1,122
1,122
1,123
1,123
1,124
1,124
1,125
1,125
1,126
1,126
1,127
1,127
1,127
0,1
1,124
1,122
1,120
1,112
1,108
1,99
1,93
1,85
1,77
1,71
1,63
1,59
1,52
1,46
1,41
1,37
1,34
1,28
1,26
1,23
1,21
1,22
1,19
1,20
1,20
1,21
1,22
1,22
1,24
1,26
1,27
1,29
1,30
1,33
1,34
1,35
1,36
1,37
1,38
1,39
1,41
1,42
1,43
1,44
1,45
1,46
1,47
1,47
1,48
1,47
1,50
1,51
1,52
1,52
1,53
1,54
1,55
1,55
1,56
1,57
1,58
1,58
1,59
1,60
1,61
1,61
1,62
1,63
1,64
1,64
1,65
1,51
1,66
1,67
1,68
1,68
1,68
1,69
1,70
1,71
1,71
1,72
1,73
1,73
1,74
1,74
1,75
1,75
1,76
1,77
1,77
1,74
1,70
1,62
1,58
1,51
1,42
1,35
1,26
1,20
1,11
1,4
2,254
2,248
2,243
2,239
2,234
2,230
2,227
2,226
2,224
2,223
2,224
2,225
2,225
2,226
2,228
2,229
2,230
2,232
2,233
2,235
2,237
2,238
2,240
2,240
2,242
2,243
2,244
2,245
2,246
2,247
2,248
2,249
2,250
2,251
2,252
2,251
2,254
2,255
2,255
1,1
1,1
1,3
1,3
1,4
1,5
1,6
1,7
1,7
1,8
1,9
1,10
1,10
1,11
1,12
1,13
1,13
1,14
1,13
1,15
1,16
1,16
1,17
1,17
1,18
1,18
1,19
1,20
1,20
1,21
1,22
1,22
1,23
1,23
1,24
1,25
1,25
1,26
1,27
1,27
1,27
1,29
1,28
1,22
1,19
1,13
1,7
2,255
2,247
2,240
2,232
2,225
2,221
2,212
2,207
2,201
2,195
2,193
2,185
2,183
2,179
2,177
2,175
2,174
2,174
2,174
2,175
2,175
2,177
2,177
2,179
2,181
2,182
2,184
2,186
2,187
2,188
2,190
2,191
2,192
2,193
2,194
2,196
2,197
2,197
2,199
2,200
2,200
2,202
2,202
2,203
2,204
2,205
2,206
2,207
2,208
2,209
2,210
2,210
2,211
2,212
2,211
2,214
2,214
2,215
2,216
2,217
2,218
2,218
2,219
2,220
2,220
2,221
2,222
2,223
2,224
2,224
2,225
2,226
2,226
2,227
2,228
2,229
2,228
2,230
2,231
2,231
2,232
2,232
2,233
2,234
2,235
2,234
2,227
2,224
2,216
2,211
2,202
2,195
2,188
2,160
2,174
2,169
2,164
2,160
2,152
2,149
2,145
2,146
2,142
2,143
2,142
2,142
2,142
2,142
2,142
2,144
2,145
2,146
2,147
2,149
2,151
2,150
2,154
2,155
2,156
2,157
2,158
2,160
2,160
2,162
2,163
2,164
2,165
2,166
2,167
2,168
2,169
2,169
2,170
2,171
2,172
2,173
2,174
2,174
2,175
2,176
2,176
2,177
2,178
2,179
2,180
2,180
2,181
2,182
2,183
2,183
2,184
2,185
2,186
2,187
2,186
2,188
2,189
2,190
2,190
2,191
2,191
2,192
2,192
2,193
2,194
2,194
2,195
2,196
2,196
2,197
2,197
2,196
2,199
2,199
2,200
2,200
2,197
2,195
2,190
2,185
2,180
2,174
2,168
2,160
2,155
2,148
2,144
2,137
2,132
2,126
2,125
2,119
2,115
2,112
2,106
2,104
2,104
2,100
2,101
2,98
2,99
2,99
2,99
2,100
2,101
2,102
2,103
2,105
2,107
2,108
2,108
2,111
2,112
2,114
2,115
2,116
2,117
2,118
2,120
2,120
2,121
2,123
2,124
2,124
2,126
2,127
2,127
2,112
2,129
2,130
2,131
2,132
2,132
2,133
2,134
2,135
2,136
2,137
2,138
2,138
2,139
2,140
2,141
2,142
2,143
2,143
2,144
2,145
2,146
2,146
2,148
2,148
2,149
2,150
2,150
2,152
2,152
2,153
2,154
2,154
2,155
2,156
2,156
2,157
2,158
2,159
2,158
2,160
2,161
2,161
2,162
2,163
2,164
2,164
2,165
2,166
2,166
2,167
2,168
2,169
2,169
2,170
2,171
2,169
2,172
2,173
2,173
2,174
2,175
2,175
2,176
2,176
2,177
2,178
2,178
2,179
2,179
2,180
2,181
2,181
2,177
2,182
2,183
2,183
2,184
2,185
2,185
2,186
2,187
2,187
2,188
2,188
2,189
2,190
2,190
2,191
2,191
2,192
2,192
2,192
2,193
2,194
2,195
2,195
2,196
2,197
2,197
2,197
2,198
2,199
2,199
2,200
2,200
2,201
2,200
2,202
2,202
2,203
2,203
2,204
2,204
2,204
2,205
2,206
2,206
2,207
2,217
2,208
2,208
2,209
2,210
2,210
2,211
2,211
2,212
2,212
2,213
2,214
2,214
2,214
2,211
2,209
2,205
2,201
2,199
2,195
2,191
2,187
2,182
2,178
2,172
2,170
2,162
2,157
2,150
2,147
2,140
2,135
2,131
2,124
2,119
2,114
2,109
2,106
2,103
2,100
2,96
2,95
2,93
2,93
2,91
2,92
2,90
2,92
2,93
2,94
2,95
2,96
2,98
2,99
2,100
2,102
2,103
2,104
2,105
2,106
2,107
2,108
2,109
2,109
2,111
2,112
2,113
2,114
2,115
2,116
2,117
2,117
2,119
2,119
2,120
2,121
2,122
2,123
2,124
2,124
2,123
2,126
2,127
2,127
0,1
2,127
0,1
2,129
2,130
2,131
2,131
2,132
2,133
2,134
2,134
2,135
2,136
2,137
2,137
2,136
2,139
2,139
2,140
2,141
2,141
2,142
2,143
2,144
2,144
2,145
2,146
2,146
2,147
2,148
2,148
2,149
2,148
2,150
2,151
2,151
2,152
2,153
2,153
2,154
2,155
2,155
2,156
2,156
2,157
2,158
2,157
2,153
2,150
2,144
2,141
2,135
2,130
2,123
2,118
2,113
2,107
2,102
2,95
2,91
2,87
2,83
2,78
2,74
2,71
2,70
2,66
2,67
2,65
2,65
2,64
2,65
2,64
2,65
2,66
2,68
2,69
2,70
2,72
2,73
2,75
2,75
2,77
2,77
2,79
2,80
2,81
2,82
2,83
2,84
2,85
2,86
2,87
2,88
2,89
2,90
2,91
2,92
2,93
2,93
2,94
2,95
2,96
2,96
2,98
2,98
2,99
2,100
2,101
2,101
2,102
2,103
2,102
2,105
2,105
2,106
2,107
2,108
2,109
2,109
2,110
2,111
2,111
2,112
2,113
2,114
2,114
2,115
2,116
2,115
2,117
2,118
2,119
2,119
2,120
2,121
2,121
2,122
2,123
2,124
2,124
2,125
2,125
2,126
2,127
2,127
2,127
2,129
2,129
2,130
2,131
2,131
2,129
2,127
2,123
2,119
2,114
2,110
2,105
2,101
2,96
2,91
2,87
2,82
2,79
2,76
2,71
2,68
2,65
2,60
2,59
2,55
2,53
2,49
2,48
2,32
2,44
2,42
2,42
2,41
2,41
2,40
2,41
2,41
2,42
2,44
2,45
2,46
2,48
2,49
2,50
2,51
2,51
2,54
2,55
2,56
2,57
2,57
2,59
2,60
2,61
2,62
2,63
2,64
2,65
2,66
2,66
2,67
2,68
2,68
2,70
2,70
2,72
2,72
2,73
2,74
2,75
2,76
2,76
2,77
2,78
2,76
2,79
2,80
2,81
2,81
2,82
2,83
2,84
2,85
2,85
2,86
2,87
2,87
2,88
2,89
2,90
2,90
2,90
2,92
2,92
2,93
2,94
2,94
2,95
2,90
2,89
2,83
2,80
2,73
2,68
2,62
2,55
2,50
2,46
2,41
2,36
2,31
2,28
2,23
2,18
2,15
2,13
2,11
2,9
2,7
2,6
2,2
2,4
2,4
2,4
2,4
2,5
2,6
2,7
2,9
2,10
2,12
2,13
2,15
2,16
2,17
2,19
2,19
2,20
2,22
2,23
2,24
2,25
2,26
2,27
2,28
2,29
2,30
2,31
2,32
2,33
2,34
2,35
2,36
2,37
2,37
2,38
2,39
2,40
2,41
2,42
2,42
2,44
2,44
2,45
2,46
2,47
2,46
2,48
2,49
2,50
2,51
2,51
2,53
2,53
2,54
2,55
2,55
2,56
2,57
2,58
2,58
2,59
2,60
2,60
2,61
2,62
2,63
2,63
2,64
2,65
2,65
2,66
2,60
2,57
2,51
2,45
2,40
2,34
2,29
2,23
2,19
2,11
2,10
2,1
3,255
3,251
3,246
3,243
3,239
3,236
3,235
3,233
3,233
3,231
3,232
3,231
3,232
3,232
3,234
3,235
3,237
3,238
3,240
3,241
3,241
3,244
3,245
3,247
3,248
3,249
3,250
3,252
3,252
3,254
3,255
3,0
2,1
2,2
2,3
2,4
2,5
2,6
2,7
2,8
2,9
2,10
2,10
2,11
2,12
2,13
2,14
2,15
2,16
2,15
2,18
2,18
2,19
2,20
2,21
2,22
2,22
2,23
2,24
2,25
2,26
2,26
2,28
2,28
2,29
2,30
2,30
2,31
2,32
2,33
2,34
2,35
2,35
2,36
2,37
2,38
2,38
2,39
2,38
2,35
2,33
2,29
2,24
2,19
2,16
2,9
2,5
3,255
3,254
3,246
3,245
3,240
3,238
3,235
3,231
3,229
3,227
3,226
3,225
3,224
3,224
3,224
3,224
3,225
3,226
3,227
3,228
3,229
3,231
3,233
3,234
3,235
3,237
3,238
3,239
3,240
3,241
3,243
3,244
3,242
3,246
3,247
3,248
3,249
3,250
3,251
3,252
3,253
3,253
3,255
3,255
2,1
2,2
2,2
2,3
2,4
2,4
2,6
2,7
2,7
2,8
2,9
2,10
2,11
2,11
2,13
2,13
2,14
2,13
2,15
2,16
2,17
2,18
2,18
2,19
2,20
2,21
2,21
2,22
2,23
2,24
2,24
2,25
2,26
2,27
2,27
2,28
2,29
2,24
2,22
2,17
2,13
2,7
2,3
3,252
3,250
3,242
3,239
3,235
3,230
3,226
3,222
3,220
3,215
3,212
3,212
3,209
3,209
3,208
3,205
3,207
3,208
3,209
3,209
3,211
3,213
3,214
3,216
3,217
3,219
3,220
3,221
3,223
3,224
3,225
3,227
3,227
3,229
3,230
3,231
3,232
3,233
3,234
3,235
3,236
3,237
3,238
3,239
3,239
3,241
3,242
3,243
3,244
3,245
3,245
3,246
3,247
3,248
3,249
3,250
3,244
3,251
3,252
3,253
3,254
3,254
3,0
2,1
2,1
2,2
2,3
2,4
2,4
2,5
2,5
2,6
2,7
2,7
2,9
2,9
2,10
2,11
2,12
2,12
2,13
2,14
2,15
2,15
2,16
2,16
2,18
2,18
2,19
2,19
2,20
2,21
2,21
2,22
2,22
2,23
2,24
2,23
2,25
2,26
2,27
2,28
2,28
2,29
2,29
2,30
2,31
2,31
2,32
2,33
2,34
2,34
2,35
2,36
2,36
2,37
2,38
2,38
2,39
2,40
2,40
2,41
2,42
2,42
2,43
2,43
2,43
2,45
2,46
2,46
2,47
2,48
2,48
2,49
2,49
2,50
2,51
2,51
2,50
2,53
2,53
2,53
2,54
2,55
2,55
2,56
2,57
2,57
2,58
2,59
2,48
2,60
2,60
2,61
2,61
2,62
2,63
2,63
2,64
2,65
2,65
2,66
2,66
2,66
2,67
2,68
2,68
2,69
2,70
2,70
2,71
2,71
2,72
2,73
2,73
2,74
2,74
2,75
2,75
2,75
2,77
2,77
2,78
2,78
2,79
2,79
2,80
2,80
2,81
2,81
2,82
2,81
2,83
2,84
2,84
2,85
2,85
2,86
2,87
2,87
2,88
2,88
2,89
2,87
2,90
2,90
2,91
2,91
2,92
2,93
2,93
2,94
2,94
2,95
2,95
2,96
2,96
2,97
2,98
2,98
2,98
2,99
2,100
2,100
2,101
2,101
2,102
2,102
2,103
2,103
2,104
2,104
2,105
2,106
2,106
2,107
2,107
2,108
2,108
2,109
2,109
2,110
2,110
2,111
2,110
2,111
2,112
2,113
2,113
2,114
2,114
2,115
2,115
2,116
2,117
2,117
2,115
2,117
2,118
2,119
2,119
2,120
2,120
2,120
2,121
2,121
2,122
2,122
2,149
2,123
2,124
2,124
2,125
2,125
2,126
2,126
2,127
2,127
2,127
0,1
2,127
0,1
2,129
2,129
2,130
2,130
2,131
2,131
2,132
2,133
2,133
2,133
2,134
2,135
2,135
2,136
2,136
2,137
2,137
2,137
2,138
2,138
2,139
2,139
2,140
2,140
2,141
2,141
2,142
2,142
2,143
2,142
2,144
2,144
2,145
2,145
2,146
2,146
2,147
2,147
2,148
2,148
2,149
2,148
2,149
2,150
2,150
2,151
2,151
2,152
2,152
2,153
2,153
2,154
2,154
2,153
2,155
2,155
2,155
2,156
2,157
2,157
2,158
2,158
2,159
2,159
2,159
2,158
2,161
2,161
2,162
2,162
2,162
2,163
2,163
2,164
2,165
2,165
2,165
2,164
2,166
2,167
2,167
2,168
2,168
2,169
2,169
2,169
2,170
2,170
2,171
2,171
2,172
2,172
2,172
2,173
2,173
2,174
2,174
2,175
2,176
2,176
2,176
2,177
2,177
2,178
2,178
2,178
2,179
2,179
2,180
2,180
2,181
2,181
2,182
2,182
2,182
2,183
2,183
2,184
2,184
2,185
2,185
2,186
2,186
2,186
2,187
2,187
2,188
2,188
2,188
2,189
2,189
2,190
2,190
2,191
2,191
2,192
2,192
2,192
2,193
2,193
2,193
2,194
2,194
2,195
2,195
2,196
2,196
2,196
2,197
2,197
2,197
2,198
2,198
2,199
2,199
2,200
2,200
2,200
2,200
2,201
2,202
2,202
2,203
2,203
2,203
2,204
2,203
2,204
2,205
2,205
2,206
2,206
2,207
2,207
2,207
2,208
2,208
2,209
2,208
2,210
2,210
2,210
2,211
2,211
2,212
2,212
2,212
2,213
2,213
2,213
2,212
2,215
2,215
2,216
2,216
2,216
2,217
2,217
2,218
2,218
2,218
2,219
2,243
2,220
2,220
2,221
2,221
2,221
2,222
2,222
2,222
2,223
2,223
2,224
2,237
2,224
2,225
2,225
2,225
2,226
2,226
2,227
2,227
2,228
2,228
2,228
2,228
2,229
2,230
2,230
2,230
2,231
2,231
2,231
2,232
2,232
2,233
2,233
2,233
2,234
2,234
2,234
2,235
2,235
2,236
2,241
2,237
2,237
2,237
2,238
2,238
2,239
2,239
2,239
2,240
2,240
2,240
2,240
2,241
2,242
2,242
2,242
2,243
2,243
2,243
2,244
2,244
2,245
2,245
2,245
2,246
2,246
2,246
2,247
2,247
2,248
2,249
2,248
2,249
2,249
2,250
2,250
2,250
2,251
2,251
2,252
2,252
2,252
2,254
2,254
2,254
2,254
2,254
2,255
2,255
2,0
2,0
1,1
1,1
1,1
1,2
1,2
1,3
1,3
1,4
1,4
1,4
1,3
1,5
1,5
1,6
1,6
1,7
1,7
1,7
1,7
1,8
1,8
1,9
1,9
1,9
1,9
1,10
1,10
1,10
1,11
1,17
1,11
1,11
1,12
1,12
1,12
1,13
1,13
1,14
1,13
1,14
1,14
1,14
1,15
1,16
1,16
1,17
1,17
1,17
1,17
1,18
1,18
1,19
1,19
1,20
1,20
1,20
1,21
1,21
1,21
1,22
1,22
1,22
1,23
1,23
1,24
1,24
1,24
1,25
1,25
1,26
1,26
1,26
1,27
1,27
1,27
1,28
1,28
1,28
1,29
1,29
1,29
1,30
1,30
1,31
1,31
1,31
1,32
1,32
1,32
1,32
1,33
1,33
1,33
1,34
1,34
1,34
1,35
1,35
1,36
1,36
1,36
1,37
1,37
1,38
1,38
1,38
1,38
1,39
1,39
1,39
1,39
1,40
1,40
1,40
1,41
1,41
1,42
1,42
1,42
1,43
1,40
1,43
1,44
1,44
1,44
1,45
1,45
1,45
1,45
1,46
1,46
1,47
1,46
1,47
1,48
1,48
1,48
1,49
1,49
1,49
1,50
1,50
1,50
1,51
1,50
1,51
1,52
1,52
1,52
1,52
1,53
1,53
1,53
1,54
1,54
1,54
1,54
1,55
1,56
1,56
1,56
1,57
1,57
1,57
1,57
1,58
1,58
1,58
1,58
1,59
1,59
1,60
1,60
1,60
1,61
1,61
1,61
1,62
1,62
1,62
1,62
1,63
1,63
1,64
1,64
1,64
1,65
1,65
1,65
1,65
1,66
1,66
1,66
1,67
1,67
1,67
1,68
1,68
1,68
1,68
1,69
1,69
1,69
1,69
1,70
1,70
1,70
1,70
1,71
1,71
1,71
1,71
1,71
1,71
1,72
1,73
1,73
1,73
1,73
1,74
1,74
1,74
1,75
1,74
1,75
1,76
1,76
1,76
1,77
1,77
1,77
1,78
1,78
1,78
1,79
1,77
1,79
1,80
1,80
1,81
1,81
1,81
1,81
1,82
1,82
1,82
1,83
1,82
1,83
1,84
1,84
1,84
1,85
1,85
1,85
1,85
1,86
1,86
1,86
1,86
1,87
1,87
1,87
1,88
1,88
1,89
1,89
1,89
1,89
1,89
1,90
1,90
1,91
1,91
1,91
1,91
1,91
1,92
1,92
1,92
1,93
1,93
1,93
1,93
1,94
1,94
1,94
1,95
1,95
1,95
1,95
1,96
1,96
1,96
1,97
1,97
1,97
1,98
1,98
1,98
1,99
1,98
1,119
1,99
1,100
1,100
1,100
1,100
1,101
1,101
1,101
1,102
1,102
1,102
1,100
1,103
1,103
1,104
1,104
1,104
1,104
1,104
1,105
1,105
1,106
1,105
1,105
1,106
1,107
1,107
1,107
1,107
1,108
1,108
1,108
1,108
1,109
1,109
1,109
1,110
1,110
1,110
1,111
1,111
1,111
1,111
1,112
1,112
1,112
1,112
1,112
1,113
1,113
1,114
1,114
1,114
1,115
1,115
1,115
1,115
1,115
1,116
1,116
1,116
1,117
1,117
1,117
1,117
1,117
1,114
1,118
1,119
1,119
1,119
1,119
1,120
1,120
1,120
1,120
1,121
1,121
1,118
1,121
1,121
1,122
1,122
1,122
1,123
1,123
1,123
1,123
1,123
1,124
1,123
1,124
1,124
1,124
1,124
1,124
1,125
1,125
1,125
1,126
1,126
1,126
1,126
1,127
1,127
1,127
1,127
1,127
0,1
1,127
0,1
1,129
1,129
1,129
1,129
1,130
1,130
1,131
1,131
1,131
1,131
1,132
1,132
1,132
1,132
1,133
1,133
1,133
1,134
1,134
1,134
1,135
1,135
1,135
1,135
1,134
1,136
1,136
1,136
1,137
1,137
1,137
1,138
1,138
1,138
1,139
1,139
1,138
1,139
1,139
1,140
1,140
1,140
1,140
1,140
1,141
1,141
1,141
1,142
1,141
1,142
1,142
1,143
1,143
1,143
1,143
1,143
1,143
1,144
1,144
1,145
1,145
1,145
1,145
1,146
1,146
1,146
1,146
1,144
1,147
1,147
1,147
1,147
1,148
1,148
1,148
1,149
1,149
1,149
1,149
1,149
1,150
1,150
1,150
1,151
1,151
1,151
1,151
1,152
1,152
1,152
1,152
1,152
1,153
1,153
1,153
1,154
1,154
1,154
1,155
1,155
1,155
1,155
1,156
1,156
1,156
1,156
1,157
1,157
1,157
1,157
1,157
1,158
1,158
1,158
1,159
1,159
1,159
1,160
1,160
1,160
1,160
1,160
1,159
1,161
1,161
1,161
1,162
1,162
1,162
1,162
1,163
1,163
1,163
1,163
1,163
1,164
1,164
1,164
1,164
1,164
1,165
1,165
1,165
1,166
1,166
1,166
1,166
1,167
1,166
1,167
1,167
1,167
1,167
1,164
1,168
1,167
1,168
1,168
1,168
1,168
1,168
1,168
1,168
1,168
1,169
1,168
1,169
1,169
1,169
1,170
1,170
1,170
1,171
1,171
1,171
1,171
1,171
1,171
1,172
1,172
1,173
1,173
1,173
1,174
1,174
1,174
1,175
1,175
1,175
1,176
1,176
1,176
1,176
1,177
1,177
1,177
1,176
1,178
1,178
1,179
1,178
1,179
1,179
1,179
1,179
1,180
1,180
1,180
1,180
1,181
1,181
1,181
1,182
1,182
1,182
1,182
1,182
1,182
1,183
1,183
1,183
1,183
1,183
1,184
1,184
1,184
1,184
1,182
1,185
1,185
1,185
1,185
1,186
1,185
1,186
1,186
1,186
1,186
1,186
1,185
1,187
1,187
1,187
1,187
1,188
1,188
1,188
1,189
1,189
1,189
1,189
1,189
1,190
1,190
1,190
1,191
1,191
1,191
1,191
1,191
1,191
1,192
1,191
1,192
1,192
1,193
1,192
1,193
1,193
1,194
1,191
1,194
1,195
1,195
1,195
1,195
1,195
1,196
1,196
1,196
1,196
1,196
1,196
1,197
1,197
1,197
1,198
1,198
1,198
1,198
1,198
1,199
1,199
1,199
1,199
1,200
1,200
1,200
1,201
1,200
1,200
1,200
1,201
1,201
1,201
1,202
1,202
1,202
1,202
1,202
1,202
1,203
1,203
1,203
1,203
1,203
1,204
1,204
1,204
1,204
1,205
1,205
1,205
1,205
1,205
1,205
1,206
1,206
1,206
1,206
1,207
1,207
1,207
1,207
1,207
1,207
1,207
1,207
1,208
1,207
1,208
1,207
1,207
1,207
1,207
1,207
1,207
1,207
1,208
1,207
1,208
1,208
1,208
1,208
1,208
1,208
1,208
1,208
1,209
1,209
1,209
1,209
1,210
1,208
1,211
1,211
1,211
1,211
1,211
1,212
1,212
1,213
1,213
1,213
1,213
1,213
1,214
1,214
1,215
1,215
1,215
1,216
1,216
1,216
1,216
1,217
1,217
1,217
1,218
1,218
1,218
1,219
1,218
1,219
1,217
1,219
1,219
1,219
1,220
1,220
1,220
1,220
1,220
1,221
1,221
1,221
1,221
1,221
1,221
1,222
1,222
1,222
1,222
1,222
1,223
1,223
1,223
1,223
1,223
1,224
1,224
1,224
1,224
1,224
1,224
1,223
1,224
1,225
1,225
1,226
1,225
1,226
1,226
1,226
1,226
1,227
1,227
1,227
1,227
1,227
1,228
1,228
1,228
1,228
1,229
1,229
1,229
1,229
1,229
1,229
1,230
1,230
1,230
1,231
1,231
1,230
1,230
1,231
1,231
1,231
1,231
1,232
1,232
1,232
1,232
1,232
1,233
1,233
1,233
1,233
1,233
1,234
1,234
1,234
1,234
1,222
1,234
1,235
1,235
1,235
1,235
1,235
1,235
1,235
1,236
1,236
1,236
1,236
1,237
1,237
1,237
1,237
1,237
1,237
1,237
1,238
1,238
1,238
1,238
1,238
1,239
1,239
1,239
1,239
1,239
1,240
1,238
1,240
1,240
1,240
1,240
1,241
1,241
1,240
1,241
1,241
1,241
1,241
1,241
1,242
1,241
1,241
1,241
1,241
1,241
1,241
1,240
1,240
1,241
1,241
1,241
1,240
1,241
1,240
1,241
1,241
1,241
1,240
1,241
1,241
1,242
1,242
1,242
1,242
1,242
1,243
1,243
1,243
1,243
1,244
1,244
1,244
1,244
1,245
1,245
1,245
1,244
1,245
1,246
1,246
1,246
1,246
1,247
1,247
1,247
1,247
1,248
1,248
1,248
1,248
1,249
1,249
1,249
1,250
1,250
1,248
1,250
1,251
1,251
1,251
1,251
1,252
1,252
1,252
1,252
1,252
1,252
1,252
1,252
1,253
1,253
1,253
1,253
1,253
1,253
1,254
1,254
1,254
1,254
1,254
1,254
1,254
1,255
1,255
1,255
1,255
1,254
1,255
1,255
1,0
1,0
1,0
1,0
1,0
1,0
1,0
1,0
0,1
1,0
0,1
0,2
0,2
0,2
0,2
0,2
0,1
0,3
0,3
0,3
0,3
0,3
0,3
0,4
0,4
0,4
0,4
0,5
0,4
0,5
0,5
0,5
0,5
0,6
0,6
0,3
0,6
0,6
0,7
0,6
0,7
0,7
0,7
0,7
0,8
0,8
0,8
0,8
0,8
0,8
0,9
0,9
0,9
0,9
0,9
0,9
0,9
0,10
0,10
0,10
0,10
0,10
0,10
0,10
0,11
0,11
0,10
0,11
0,11
0,11
0,12
0,12
0,12
0,12
0,12
0,12
0,12
0,13
0,13
0,13
0,13
0,13
0,13
0,13
0,14
0,13
0,14
0,14
0,14
0,14
0,14
0,14
0,14
0,14
0,14
0,14
0,14
0,13
0,13
0,13
0,13
0,13
0,13
0,13
0,11
0,13
0,13
0,13
0,13
0,13
0,14
0,13
0,14
0,14
0,14
0,14
0,14
0,15
0,15
0,15
0,15
0,15
0,15
0,14
0,16
0,16
0,16
0,16
0,17
0,17
0,17
0,17
0,17
0,17
0,18
0,17
0,18
0,18
0,19
0,19
0,19
0,19
0,21
0,20
0,20
0,20
0,21
0,21
0,21
0,21
0,22
0,22
0,22
0,22
0,22
0,23
0,23
0,23
0,23
0,23
0,23
0,23
0,24
0,23
0,24
0,24
0,24
0,24
0,24
0,24
0,25
0,24
0,25
0,24
0,25
0,25
0,25
0,25
0,25
0,25
0,26
0,26
0,26
0,26
0,26
0,26
0,26
0,26
0,27
0,27
0,27
0,27
0,26
0,27
0,27
0,28
0,28
0,28
0,28
0,28
0,28
0,29
0,29
0,29
0,29
0,29
0,29
0,29
0,30
0,30
0,30
0,29
0,31
0,31
0,31
0,31
0,31
0,31
0,31
0,31
0,31
0,32
0,32
0,32
0,32
0,32
0,33
0,33
0,33
0,33
0,32
0,33
0,34
0,33
0,34
0,34
0,34
0,34
0,35
0,35
0,35
0,35
0,35
0,35
0,35
0,35
0,36
0,36
0,36
0,35
0,36
0,36
0,37
0,37
0,37
0,37
0,37
0,37
0,37
0,37
0,37
0,37
0,37
0,37
0,37
0,36
0,37
0,36
0,34
0,36
0,36
0,36
0,36
0,36
0,36
0,36
0,36
0,36
0,36
0,36
0,36
0,36
0,37
0,37
0,37
0,37
0,37
0,35
0,37
0,38
0,38
0,38
0,38
0,38
0,39
0,38
0,39
0,39
0,39
0,39
0,39
0,40
0,40
0,40
0,41
0,40
0,41
0,41
0,41
0,42
0,42
0,41
0,42
0,42
0,42
0,43
0,43
0,43
0,43
0,43
0,44
0,44
0,44
0,44
0,44
0,45
0,44
0,45
0,45
0,45
0,45
0,46
0,45
0,45
0,45
0,46
0,45
0,45
0,46
0,46
0,46
0,46
0,46
0,46
0,40
0,47
0,47
0,47
0,47
0,47
0,47
0,47
0,48
0,47
0,48
0,48
0,47
0,48
0,48
0,48
0,48
0,48
0,49
0,49
0,49
0,49
0,49
0,49
0,49
0,49
0,50
0,50
0,50
0,50
0,50
0,50
0,51
0,51
0,51
0,51
0,51
0,51
0,51
0,51
0,52
0,52
0,52
0,52
0,52
0,52
0,52
0,53
0,53
0,53
0,53
0,53
0,53
0,54
0,53
0,54
0,54
0,58
0,54
0,54
0,54
0,55
0,55
0,55
0,55
0,55
0,55
0,55
0,55
0,55
0,56
0,56
0,56
0,56
0,56
0,56
0,57
0,57
0,57
0,57
0,57
0,57
0,57
0,57
0,57
0,57
0,57
0,56
0,56
0,56
0,56
0,55
0,55
0,55
0,56
0,43
0,56
0,55
0,55
0,56
0,56
0,56
0,56
0,56
0,56
0,56
0,56
0,56
0,56
0,57
0,57
0,57
0,57
0,57
0,56
0,57
0,58
0,58
0,58
0,58
0,58
0,58
0,59
0,59
0,59
0,59
0,59
0,59
0,59
0,59
0,60
0,60
0,60
0,59
0,60
0,61
0,61
0,61
0,62
0,62
0,61
0,62
0,62
0,62
0,62
0,62
0,63
0,63
0,63
0,63
0,63
0,63
0,63
0,64
0,64
0,64
0,64
0,64
0,64
0,64
0,64
0,64
0,64
0,64
0,64
0,64
0,65
0,64
0,65
0,65
0,65
0,65
0,65
0,65
0,66
0,66
0,66
0,66
0,86
0,66
0,66
0,66
0,66
0,67
0,67
0,67
0,67
0,67
0,67
0,67
0,67
0,68
0,67
0,67
0,68
0,68
0,68
0,67
0,68
0,69
0,69
0,69
0,69
0,69
0,69
0,69
0,69
0,69
0,70
0,70
0,70
0,70
0,70
0,70
0,70
0,70
0,70
0,71
0,71
0,71
0,71
0,71
0,71
0,71
0,71
0,72
0,72
0,72
0,72
0,72
0,72
0,73
0,73
0,73
0,73
0,73
0,73
0,73
0,73
0,74
0,74
0,74
0,74
0,74
0,74
0,74
0,74
0,74
0,75
0,74
0,74
0,74
0,74
0,74
0,74
0,74
0,73
0,73
0,74
0,73
0,74
0,71
0,73
0,74
0,73
0,74
0,74
0,74
0,74
0,74
0,74
0,74
0,74
0,74
0,75
0,75
0,75
0,75
0,75
0,75
0,75
0,75
0,76
0,76
0,75
0,76
0,76
0,76
0,76
0,76
0,76
0,77
0,77
0,77
0,77
0,77
0,77
0,77
0,77
0,77
0,78
0,78
0,78
0,78
0,79
0,79
0,77
0,79
0,79
0,79
0,79
0,80
0,80
0,80
0,80
0,80
0,80
0,80
0,80
0,80
0,80
0,81
0,81
0,80
0,81
0,80
0,81
0,81
0,81
0,81
0,81
0,81
0,81
0,81
0,81
0,82
0,82
0,81
0,82
0,82
0,82
0,82
0,82
0,82
0,82
0,83
0,82
0,82
0,83
0,83
0,83
0,84
0,83
0,83
0,83
0,83
0,84
0,83
0,84
0,84
0,84
0,84
0,84
0,84
0,85
0,85
0,85
0,85
0,85
0,85
0,84
0,85
0,85
0,85
0,85
0,85
0,86
0,86
0,86
0,86
0,86
0,86
0,86
0,86
0,86
0,87
0,87
0,87
0,87
0,87
0,87
0,87
0,87
0,88
0,88
0,88
0,88
0,88
0,88
0,88
0,88
0,88
0,88
0,89
0,89
0,89
0,89
0,89
0,89
0,89
0,89
0,90
0,90
0,89
0,90
0,88
0,90
0,90
0,90
0,90
0,90
0,90
0,90
0,91
0,91
0,91
0,90
0,90
0,90
0,90
0,90
0,90
0,90
0,90
0,89
0,90
0,90
0,90
0,90
0,90
0,90
0,90
0,90
0,90
0,90
0,90
0,90
0,90
0,90
0,90
0,91
0,91
0,91
0,91
0,91
0,91
0,91
0,91
0,92
0,92
0,90
0,92
0,92
0,92
0,92
0,92
0,92
0,93
0,93
0,93
0,93
0,93
0,93
0,93
0,94
0,94
0,94
0,94
0,94
0,94
0,94
0,95
0,95
0,95
0,95
0,95
0,95
0,95
0,95
0,95
0,95
0,96
0,96
0,96
0,95
0,96
0,96
0,96
0,96
0,96
0,96
0,96
0,96
0,96
0,96
0,96
0,97
0,96
0,97
0,97
0,97
0,97
0,97
0,97
0,97
0,97
0,97
0,97
0,97
0,97
0,98
0,98
0,98
0,98
0,98
0,98
0,98
0,98
0,98
0,98
0,98
0,97
0,99
0,99
0,99
0,99
0,99
0,99
0,99
0,99
0,99
0,99
0,100
0,100
0,100
0,100
0,100
0,100
0,100
0,100
0,100
0,100
0,101
0,101
0,101
0,101
0,101
0,101
0,101
0,101
0,101
0,102
0,101
0,102
0,102
0,102
0,102
0,102
0,102
0,102
0,102
0,102
0,103
0,103
0,103
0,103
0,102
0,103
0,103
0,103
0,103
0,103
0,103
0,103
0,103
0,103
0,104
0,104
0,104
0,104
0,104
0,104
0,104
0,104
0,104
0,104
0,105
0,105
0,104
0,105
0,104
0,104
0,103
0,105
0,104
0,105
0,104
0,104
0,104
0,104
0,105
0,105
0,104
0,105
0,104
0,105
0,105
0,105
0,105
0,105
0,105
0,104
0,105
0,105
0,105
0,105
0,105
0,106
0,109
0,106
0,106
0,106
0,106
0,106
0,106
0,107
0,106
0,107
0,107
0,107
0,107
0,107
0,107
0,107
0,107
0,107
0,108
0,108
0,108
0,108
0,108
0,108
0,108
0,109
0,108
0,109
0,109
0,109
0,109
0,109
0,109
0,109
0,109
0,109
0,110
0,110
0,109
0,110
0,110
0,110
0,110
0,110
0,110
0,110
0,110
0,110
0,110
0,110
0,110
0,110
0,108
0,110
0,111
0,111
0,111
0,111
0,111
0,111
0,111
0,111
0,111
0,111
0,111
0,112
0,111
0,112
0,112
0,111
0,112
0,111
0,112
0,112
0,112
0,112
0,112
0,112
0,110
0,112
0,112
0,112
0,112
0,112
0,113
0,112
0,113
0,113
0,113
0,113
0,113
0,113
0,113
0,114
0,114
0,114
0,114
0,114
0,114
0,114
0,114
0,114
0,114
0,114
0,112
0,115
0,115
0,114
0,115
0,115
0,115
0,115
0,115
0,115
0,115
0,115
0,115
0,115
0,115
0,116
0,115
0,116
0,116
0,115
0,116
0,116
0,116
0,116
0,116
0,116
0,104
0,116
0,117
0,117
0,117
0,117
0,117
0,117
0,117
0,117
0,117
0,117
0,117
0,118
0,117
0,117
0,118
0,118
0,118
0,117
0,118
0,117
0,117
0,117
0,117
0,117
0,134
0,117
0,117
0,117
0,117
0,117
0,118
0,118
0,117
0,117
0,117
0,118
0,117
0,118
0,118
0,118
0,118
0,118
0,118
0,117
0,118
0,118
0,118
0,119
0,119
0,119
0,117
0,119
0,119
0,119
0,119
0,119
0,119
0,119
0,119
0,120
0,120
0,120
0,120
0,120
0,120
0,120
0,120
0,120
0,121
0,120
0,121
0,121
0,121
0,121
0,121
0,121
0,119
0,121
0,121
0,121
0,121
0,122
0,122
0,122
0,122
0,122
0,122
0,122
0,122
0,122
0,122
0,122
0,122
0,122
0,122
0,122
0,123
0,122
0,122
0,122
0,123
0,123
0,121
0,123
0,123
0,123
0,123
0,123
0,123
0,123
0,123
0,123
0,123
0,123
0,123
0,124
0,124
0,124
0,124
0,124
0,124
0,123
0,124
0,124
0,124
0,124
0,124
0,124
0,123
0,125
0,124
0,124
0,125
0,125
0,125
0,125
0,125
0,125
0,125
0,125
0,125
0,125
0,125
0,125
0,125
0,126
0,126
0,125
0,126
0,126
0,126
0,126
0,126
0,126
0,125
0,126
0,126
0,127
0,126
0,127
0,126
0,126
0,127
0,127
0,127
0,127
0,127
0,127
0,127
0,127
0,127
0,127
0,127
0,1
0,127
0,127
0,1
0,127
0,1
0,127
0,1
0,127
0,1
0,127
0,1
0,127
0,127
0,127
0,1
0,127
0,1
0,127
0,1
0,127
0,1
0,127
0,1
0,127
0,1
0,127
0,1
0,127
0,1
0,127
0,1
0,127
0,1
0,127
0,1
0,127
0,1
0,127
0,1
0,127
0,1
0,127
0,1
0,127
0,1
0,127
0,1
0,127
0,1
0,127
0,1
0,127
0,1
0,127
0,1
0,127
0,1
0,127
0,1
0,127
0,1
0,127
0,1
0,127
0,1
0,127
0,1
0,127
0,1
0,127
0,1
0,127
0,1
0,127
0,1
0,127
0,1
0,155
0,127
0,1
0,127
0,1
0,127
0,1
0,127
0,1
0,127
0,1
0,127
0,1
0,127
0,1
0,127
0,1
0,127
0,1
0,127
0,1
0,127
0,1
0,129
0,129
0,130
0,129
0,130
0,130
0,130
0,129
0,130
0,130
0,130
0,130
0,130
0,130
0,127
0,1
0,131
0,131
0,131
0,131
0,131
0,131
0,131
0,131
0,131
0,131
0,131
0,131
0,131
0,132
0,132
0,132
0,132
0,132
0,132
0,132
0,132
0,132
0,132
0,132
0,132
0,131
0,132
0,132
0,132
0,132
0,132
0,132
0,133
0,132
0,132
0,132
0,133
0,133
0,133
0,133
0,133
0,133
0,133
0,133
0,133
0,133
0,133
0,133
0,133
0,133
0,133
0,133
0,134
0,133
0,134
0,134
0,134
0,134
0,127
0,1
0,134
0,134
0,134
0,134
0,134
0,134
0,134
0,134
0,134
0,134
0,135
0,135
0,134
0,135
0,135
0,135
0,135
0,135
0,134
0,135
0,135
0,135
0,135
0,135
0,136
0,134
0,135
0,135
0,136
0,135
0,136
0,136
0,127
0,1
0,136
0,136
0,136
0,136
0,136
0,136
0,136
0,136
0,136
0,136
0,136
0,136
0,136
0,136
0,137
0,137
0,137
0,137
0,136
0,137
0,137
0,137
0,137
0,137
0,137
0,136
0,137
0,137
0,138
0,137
0,137
0,137
0,138
0,137
0,138
0,138
0,138
0,138
0,138
0,138
0,138
0,138
0,138
0,138
0,138
0,138
0,138
0,138
0,138
0,138
0,139
0,138
0,138
0,138
0,138
0,138
0,138
0,138
0,137
0,138
0,138
0,138
0,138
0,138
0,138
0,138
0,138
0,138
0,138
0,138
0,138
0,138
0,138
0,139
0,139
0,139
0,138
0,138
0,139
0,139
0,139
0,139
0,139
0,139
0,139
0,139
0,139
0,139
0,139
0,139
0,139
0,139
0,140
0,140
0,140
0,140
0,140
0,140
0,138
0,140
0,140
0,140
0,140
0,140
0,140
0,140
0,141
0,140
0,141
0,141
0,141
0,141
0,141
0,141
0,141
0,141
0,141
0,141
0,141
0,141
0,141
0,141
0,141
0,141
0,141
0,141
0,141
0,141
0,141
0,141
0,141
0,141
0,142
0,142
0,142
0,142
0,142
0,142
0,142
0,142
0,142
0,142
0,142
0,142
0,142
0,142
0,142
0,142
0,142
0,142
0,142
0,142
0,142
0,142
0,142
0,143
0,143
0,142
0,142
0,143
0,143
0,143
0,143
0,143
0,142
0,143
0,143
0,143
0,143
0,144
0,143
0,143
0,143
0,143
0,144
0,143
0,144
0,143
0,144
0,144
0,144
0,144
0,144
0,144
0,144
0,144
0,144
0,144
0,144
0,144
0,144
0,144
0,144
0,144
0,144
0,144
0,145
0,144
0,145
0,145
0,145
0,145
0,145
0,145
0,144
0,145
0,145
0,145
0,145
0,145
0,145
0,145
0,145
0,145
0,145
0,145
0,145
0,145
0,145
0,146
0,145
0,145
0,146
0,145
0,146
0,145
0,146
0,146
0,146
0,146
0,146
0,146
0,133
0,146
0,146
0,146
0,146
0,146
0,146
0,146
0,147
0,146
0,146
0,147
0,146
0,146
0,146
0,147
0,147
0,146
0,146
0,146
0,146
0,146
0,146
0,146
0,146
0,146
0,146
0,146
0,146
0,146
0,146
0,146
0,146
0,144
0,146
0,146
0,146
0,146
0,146
0,147
0,147
0,146
0,146
0,147
0,147
0,147
0,147
0,147
0,147
0,147
0,147
0,147
0,147
0,147
0,148
0,147
0,147
0,148
0,148
0,147
0,147
0,148
0,148
0,148
0,148
0,148
0,147
0,148
0,148
0,148
0,148
0,148
0,148
0,152
0,148
0,148
0,148
0,148
0,148
0,149
0,149
0,148
0,149
0,149
0,149
0,149
0,149
0,149
0,149
0,149
0,149
0,149
0,149
0,149
0,149
0,149
0,149
0,149
0,149
0,148
0,149
0,149
0,149
0,149
0,149
0,149
0,148
0,149
0,149
0,150
0,150
0,149
0,149
0,150
0,150
0,150
0,150
0,150
0,150
0,150
0,150
0,150
0,150
0,150
0,150
0,150
0,150
0,150
0,150
0,150
0,150
0,150
0,150
0,151
0,151
0,150
0,151
0,151
0,151
0,150
0,151
0,151
0,151
0,151
0,151
0,151
0,151
0,151
0,151
0,151
0,151
0,151
0,151
0,151
0,151
0,151
0,151
0,152
0,151
0,152
0,151
0,152
0,152
0,152
0,152
0,152
0,152
0,152
0,152
0,152
0,152
0,152
0,152
0,152
0,152
0,152
0,152
0,152
0,152
0,151
0,152
0,152
0,152
0,152
0,153
0,152
0,167
0,152
0,153
0,152
0,152
0,153
0,153
0,153
0,153
0,153
0,153
0,153
0,153
0,153
0,153
0,153
0,153
0,153
0,153
0,153
0,153
0,152
0,153
0,152
0,152
0,153
0,152
0,152
0,153
0,153
0,153
0,152
0,153
0,152
0,153
0,152
0,153
0,153
0,153
0,153
0,153
0,153
0,153
0,153
0,153
0,153
0,153
0,153
0,154
0,153
0,154
0,153
0,154
0,154
0,154
0,154
0,154
0,154
0,154
0,154
0,154
0,154
0,154
0,154
0,154
0,154
0,154
0,154
0,154
0,154
0,154
0,155
0,154
0,154
0,155
0,155
0,155
0,155
0,155
0,155
0,155
0,155
0,155
0,155
0,155
0,155
0,155
0,155
0,155
0,155
0,155
0,155
0,155
0,155
0,155
0,155
0,155
0,155
0,155
0,155
0,156
0,155
0,155
0,155
0,155
0,155
0,154
0,155
0,156
0,155
0,156
0,156
0,156
0,156
0,156
0,156
0,156
0,156
0,156
0,156
0,156
0,156
0,156
0,156
0,156
0,156
0,156
0,156
0,156
0,156
0,156
0,156
0,156
0,156
0,156
0,157
0,156
0,156
0,156
0,155
0,157
0,157
0,157
0,157
0,157
0,157
0,157
0,157
0,157
0,157
0,157
0,157
0,157
0,157
0,157
0,158
0,157
0,157
0,157
0,158
0,157
0,157
0,158
0,157
0,158
0,157
0,158
0,158
0,158
0,158
0,158
0,158
0,156
0,158
0,158
0,158
0,158
0,158
0,158
0,158
0,158
0,158
0,158
0,158
0,158
0,158
0,158
0,158
0,158
0,158
0,159
0,158
0,158
0,159
0,159
0,158
0,158
0,159
0,158
0,158
0,158
0,158
0,159
0,158
0,158
0,157
0,159
0,158
0,158
0,159
0,158
0,158
0,158
0,158
0,158
0,158
0,158
0,158
0,158
0,158
0,158
0,158
0,158
0,158
0,158
0,159
0,159
0,159
0,159
0,158
0,159
0,158
0,159
0,159
0,159
0,159
0,159
0,159
0,158
0,159
0,159
0,159
0,159
0,159
0,159
0,160
0,159
0,160
0,159
0,160
0,160
0,160
0,160
0,160
0,160
0,160
0,160
0,160
0,160
0,160
0,160
0,160
0,160
0,160
0,160
0,160
0,160
0,160
0,160
0,160
0,160
0,159
0,160
0,160
0,160
0,160
0,160
0,161
0,160
0,160
0,160
0,160
0,161
0,160
0,160
0,160
0,161
0,160
0,161
0,161
0,160
0,161
0,160
0,161
0,160
0,161
0,161
0,161
0,161
0,161
0,161
0,161
0,161
0,161
0,160
0,161
0,161
0,161
0,161
0,161
0,161
0,160
0,162
0,161
0,162
0,161
0,162
0,162
0,162
0,161
0,162
0,161
0,162
0,162
0,162
0,162
0,162
0,162
0,162
0,162
0,162
0,162
0,162
0,162
0,162
0,162
0,162
0,162
0,162
0,162
0,162
0,162
0,163
0,162
0,162
0,162
0,162
0,163
0,163
0,163
0,162
0,160
0,163
0,163
0,163
0,163
0,163
0,163
0,163
0,163
0,163
0,163
0,163
0,163
0,163
0,163
0,163
0,163
0,163
0,163
0,163
0,163
0,164
0,163
0,163
0,163
0,163
0,163
0,163
0,164
0,164
0,163
0,163
0,164
0,162
0,164
0,164
0,163
0,164
0,164
0,164
0,164
0,164
0,163
0,164
0,163
0,163
0,163
0,163
0,163
0,163
0,163
0,164
0,163
0,163
0,164
0,163
0,163
0,163
0,163
0,163
0,163
0,163
0,163
0,163
0,163
0,163
0,163
0,163
0,164
0,163
0,164
0,164
0,164
0,162
0,164
0,164
0,164
0,164
0,164
0,164
0,164
0,164
0,164
0,164
0,164
0,164
0,164
0,164
0,164
0,165
0,164
0,164
0,165
0,164
0,165
0,164
0,165
0,165
0,165
0,165
0,165
0,165
0,165
0,165
0,165
0,165
0,164
0,165
0,165
0,165
0,165
0,165
0,165
0,177
0,165
0,165
0,165
0,165
0,165
0,165
0,165
0,165
0,165
0,165
0,165
0,165
0,165
0,165
0,165
0,165
0,165
0,165
0,165
0,165
0,165
0,165
0,165
0,166
0,165
0,165
0,165
0,165
0,166
0,166
0,166
0,166
0,165
0,166
0,166
0,166
0,166
0,166
0,166
0,153
0,166
0,166
0,166
0,166
0,166
0,166
0,166
0,166
0,166
0,166
0,166
0,166
0,166
0,166
0,166
0,166
0,166
0,166
0,166
0,166
0,166
0,167
0,167
0,167
0,166
0,166
0,167
0,167
0,167
0,167
0,167
0,167
0,166
0,167
0,167
0,167
0,167
0,167
0,167
0,167
0,167
0,167
0,167
0,167
0,167
0,167
0,167
0,167
0,167
0,167
0,167
0,167
0,167
0,167
0,167
0,167
0,167
0,167
0,167
0,168
0,167
0,168
0,168
0,168
0,167
0,167
0,168
0,168
0,168
0,168
0,168
0,168
0,167
0,168
0,168
0,168
0,168
0,168
0,168
0,168
0,168
0,168
0,168
0,168
0,168
0,167
0,167
0,168
0,168
0,167
0,168
0,168
0,167
0,168
0,168
0,168
0,168
0,167
0,167
0,168
0,168
0,168
0,168
0,168
0,168
0,167
0,168
0,168
0,168
0,168
0,168
0,168
0,167
0,168
0,168
0,168
0,168
0,168
0,168
0,196
0,168
0,168
0,169
0,169
0,168
0,169
0,169
0,169
0,169
0,169
0,169
0,169
0,169
0,169
0,169
0,169
0,169
0,169
0,169
0,169
0,169
0,169
0,169
0,169
0,169
0,169
0,169
0,169
0,169
0,169
0,169
0,169
0,169
0,169
0,169
0,169
0,169
0,169
0,169
0,169
0,169
0,169
0,170
0,169
0,170
0,170
0,169
0,170
0,170
0,170
0,169
0,170
0,170
0,169
0,169
0,170
0,170
0,170
0,170
0,170
0,169
0,170
0,170
0,170
0,170
0,170
0,170
0,196
0,170
0,170
0,170
0,170
0,170
0,170
0,170
0,170
0,170
0,170
0,170
0,170
0,170
0,170
0,170
0,171
0,171
0,171
0,170
0,171
0,170
0,170
0,171
0,171
0,170
0,171
0,171
0,171
0,171
0,171
0,171
0,171
0,170
0,171
0,171
0,171
0,171
0,171
0,171
0,169
0,171
0,171
0,171
0,171
0,171
0,171
0,171
0,171
0,171
0,171
0,171
0,171
0,171
0,171
0,171
0,171
0,171
0,171
0,171
0,171
0,172
0,171
0,172
0,172
0,171
0,171
0,171
0,171
0,171
0,172
0,171
0,171
0,171
0,171
0,171
0,171
0,171
0,171
0,171
0,170
0,171
0,171
0,171
0,171
0,171
0,171
0,171
0,171
0,171
0,171
0,171
0,171
0,171
0,172
0,172
0,171
0,172
0,172
0,172
0,172
0,172
0,172
0,172
0,172
0,172
0,172
0,172
0,172
0,172
0,172
0,172
0,172
0,172
0,172
0,173
0,172
0,172
0,172
0,172
0,172
0,172
0,173
0,172
0,172
0,173
0,172
0,172
0,173
0,173
0,173
0,173
0,173
0,173
0,173
0,173
0,172
0,173
0,173
0,173
0,173
0,173
0,173
0,173
0,173
0,173
0,173
0,173
0,173
0,173
0,173
0,173
0,173
0,173
0,173
0,173
0,173
0,173
0,173
0,173
0,173
0,173
0,173
0,173
0,173
0,173
0,173
0,173
0,173
0,173
0,173
0,173
0,173
0,173
0,172
0,173
0,174
0,173
0,174
0,173
0,174
0,172
0,173
0,174
0,173
0,173
0,174
0,174
0,174
0,174
0,174
0,174
0,174
0,174
0,174
0,174
0,174
0,174
0,174
0,174
0,174
0,174
0,174
0,174
0,174
0,174
0,174
0,174
0,174
0,174
0,174
0,174
0,174
0,174
0,174
0,174
0,174
0,174
0,174
0,174
0,174
0,174
0,174
0,175
0,175
0,174
0,174
0,174
0,173
0,175
0,174
0,175
0,175
0,175
0,175
0,175
0,174
0,175
0,175
0,175
0,175
0,175
0,175
0,175
0,175
0,175
0,175
0,175
0,175
0,175
0,175
0,175
0,175
0,175
0,175
0,175
0,175
0,175
0,174
0,174
0,175
0,174
0,174
0,175
0,174
0,174
0,175
0,174
0,174
0,175
0,175
0,174
0,175
0,175
0,175
0,174
0,175
0,175
0,175
0,175
0,175
0,175
0,178
0,175
0,175
0,175
0,175
0,175
0,175
0,175
0,175
0,175
0,175
0,175
0,175
0,175
0,175
0,175
0,176
0,175
0,175
0,175
0,175
0,176
0,176
0,175
0,176
0,176
0,175
0,176
0,176
0,176
0,176
0,176
0,176
0,175
0,176
0,176
0,176
0,176
0,176
0,176
0,175
0,176
0,176
0,176
0,176
0,176
0,176
0,174
0,176
0,176
0,176
0,176
0,176
0,176
0,176
0,176
0,176
0,176
0,176
0,176
0,176
0,176
0,176
0,176
0,176
0,176
0,176
0,176
0,176
0,176
0,176
0,176
0,176
0,176
0,176
0,176
0,176
0,176
0,176
0,176
0,176
0,176
0,176
0,176
0,176
0,176
0,176
0,176
0,177
0,176
0,176
0,176
0,177
0,177
0,176
0,177
0,177
0,177
0,177
0,177
0,176
0,176
0,177
0,177
0,177
0,177
0,177
0,177
0,177
0,177
0,177
0,177
0,177
0,177
0,177
0,177
0,177
0,177
0,177
0,177
0,177
0,177
0,177
0,177
0,177
0,177
0,177
0,177
0,178
0,177
0,177
0,177
0,177
0,177
0,177
0,177
0,178
0,178
0,177
0,178
0,177
0,177
0,177
0,178
0,178
0,177
0,177
0,178
0,177
0,178
0,178
0,178
0,178
0,178
0,178
0,177
0,178
0,178
0,178
0,178
0,178
0,178
0,175
0,178
0,178
0,178
0,178
0,178
0,177
0,178
0,178
0,178
0,178
0,177
0,178
0,178
0,178
0,178
0,178
0,178
0,178
0,178
0,177
0,177
0,178
0,178
0,178
0,177
0,178
0,178
0,178
0,178
0,178
0,178
0,178
0,178
0,178
0,178
0,178
0,178
0,178
0,178
0,178
0,178
0,178
0,178
0,178
0,178
0,178
0,178
0,178
0,178
0,178
0,179
0,178
0,178
0,176
0,178
0,178
0,179
0,178
0,178
0,179
0,180
0,178
0,179
0,179
0,179
0,178
0,178
0,179
0,178
0,179
0,179
0,179
0,179
0,179
0,179
0,178
0,179
0,179
0,179
0,178
0,179
0,179
0,179
0,179
0,179
0,179
0,179
0,178
0,179
0,179
0,179
0,179
0,179
0,179
0,179
0,179
0,179
0,179
0,179
0,179
0,179
0,179
0,179
0,179
0,179
0,179
0,179
0,178
0,179
0,179
0,179
0,179
0,179
0,179
0,178
0,179
0,179
0,179
0,179
0,180
0,179
0,179
0,179
0,179
0,180
0,179
0,180
0,179
0,179
0,179
0,180
0,180
0,179
0,179
0,180
0,180
0,179
0,180
0,180
0,180
0,179
0,180
0,180
0,180
0,180
0,180
0,180
0,180
0,180
0,180
0,180
0,180
0,180
0,180
0,180
0,180
0,180
0,180
0,180
0,180
0,180
0,180
0,180
0,180
0,180
0,180
0,180
0,180
0,179
0,180
0,180
0,180
0,180
0,180
0,180
0,179
0,180
0,180
0,180
0,180
0,180
0,180
0,178
0,180
0,180
0,180
0,180
0,180
0,180
0,181
0,180
0,180
0,180
0,180
0,180
0,180
0,180
0,180
0,180
0,181
0,180
0,181
0,181
0,181
0,180
0,180
0,180
0,180
0,180
0,180
0,180
0,180
0,181
0,180
0,180
0,180
0,180
0,180
0,180
0,180
0,180
0,180
0,180
0,181
0,180
0,180
0,180
0,180
0,180
0,180
0,180
0,180
0,181
0,180
0,180
0,181
0,180
0,181
0,181
0,181
0,181
0,181
0,181
0,179
0,181
0,181
0,181
0,181
0,181
0,181
0,181
0,181
0,181
0,181
0,181
0,181
0,181
0,181
0,181
0,181
0,181
0,181
0,181
0,181
0,181
0,181
0,181
0,182
0,181
0,181
0,181
0,182
0,181
0,181
0,181
0,181
0,181
0,182
0,182
0,181
0,181
0,182
0,181
0,181
0,182
0,181
0,181
0,182
0,182
0,182
0,181
0,181
0,182
0,182
0,182
0,182
0,182
0,181
0,182
0,182
0,182
0,182
0,182
0,182
0,182
0,182
0,182
0,182
0,182
0,182
0,182
0,182
0,182
0,182
0,182
0,182
0,182
0,182
0,182
0,182
0,182
0,182
0,182
0,182
0,182
0,182
0,182
0,182
0,182
0,182
0,182
0,182
0,182
0,182
0,182
0,182
0,182
0,182
0,182
0,182
0,182
0,182
0,182
0,183
0,182
0,182
0,182
0,182
0,182
0,183
0,182
0,182
0,182
0,182
0,182
0,182
0,183
0,182
0,182
0,182
0,182
0,183
0,183
0,183
0,183
0,180
0,183
0,183
0,183
0,183
0,183
0,183
0,183
0,183
0,183
0,183
0,183
0,183
0,183
0,183
0,183
0,183
0,183
0,183
0,183
0,183
0,183
0,183
0,183
0,183
0,183
0,183
0,183
0,183
0,183
0,183
0,183
0,183
0,183
0,183
0,183
0,183
0,183
0,183
0,183
0,183
0,183
0,183
0,183
0,183
0,183
0,183
0,183
0,183
0,183
0,183
0,183
0,183
0,183
0,182
0,183
0,183
0,183
0,183
0,183
0,183
0,182
0,183
0,183
0,183
0,183
0,183
0,183
0,189
0,183
0,183
0,183
0,183
0,183
0,183
0,184
0,183
0,184
0,183
0,184
0,184
0,183
0,183
0,183
0,184
0,184
0,184
0,184
0,184
0,184
0,183
0,184
0,184
0,184
0,184
0,184
0,184
0,184
0,184
0,184
0,184
0,184
0,184
0,184
0,184
0,184
0,184
0,184
0,184
0,184
0,184
0,184
0,184
0,184
0,184
0,183
0,184
0,184
0,184
0,184
0,184
0,184
0,183
0,184
0,184
0,184
0,184
0,184
0,184
0,182
0,184
0,184
0,184
0,184
0,184
0,184
0,185
0,184
0,184
0,184
0,184
0,184
0,184
0,184
0,184
0,184
0,184
0,184
0,184
0,184
0,184
0,184
0,184
0,184
0,184
0,184
0,184
0,184
0,184
0,184
0,184
0,185
0,185
0,184
0,185
0,185
0,185
0,184
0,185
0,184
0,185
0,185
0,185
0,185
0,185
0,185
0,184
0,184
0,185
0,185
0,185
0,184
0,185
0,185
0,185
0,184
0,185
0,185
0,184
0,185
0,184
0,184
0,185
0,185
0,185
0,185
0,185
0,184
0,185
0,185
0,185
0,185
0,185
0,185
0,183
0,185
0,185
0,185
0,185
0,185
0,185
0,209
0,185
0,185
0,185
0,185
0,185
0,185
0,185
0,185
0,185
0,185
0,185
0,185
0,185
0,185
0,185
0,185
0,185
0,185
0,185
0,185
0,185
0,185
0,185
0,185
0,185
0,185
0,185
0,185
0,185
0,185
0,185
0,185
0,185
0,185
0,185
0,185
0,185
0,185
0,185
0,185
0,185
0,185
0,185
0,185
0,185
0,185
0,185
0,185
0,185
0,185
0,185
0,185
0,186
0,185
0,185
0,185
0,185
0,185
0,186
0,186
0,185
0,186
0,186
0,186
0,186
0,186
0,186
0,185
0,186
0,186
0,185
0,186
0,186
0,186
0,185
0,186
0,186
0,186
0,186
0,186
0,186
0,184
0,186
0,186
0,186
0,186
0,186
0,186
0,172
0,186
0,186
0,186
0,186
0,186
0,186
0,186
0,186
0,186
0,186
0,186
0,186
0,186
0,186
0,186
0,186
0,186
0,186
0,186
0,186
0,186
0,186
0,186
0,186
0,186
0,186
0,186
0,186
0,186
0,186
0,186
0,186
0,186
0,186
0,186
0,186
0,186
0,186
0,186
0,186
0,186
0,186
0,186
0,186
0,186
0,186
0,186
0,186
0,187
0,186
0,186
0,187
0,186
0,187
0,187
0,186
0,186
0,187
0,186
0,187
0,186
0,187
0,187
0,187
0,187
0,187
0,186
0,186
0,186
0,187
0,186
0,186
0,187
0,187
0,187
0,187
0,187
0,187
0,187
0,187
0,187
0,186
0,187
0,187
0,187
0,187
0,187
0,187
0,186
0,187
0,187
0,187
0,187
0,187
0,187
0,185
0,187
0,187
0,187
0,187
0,187
0,187
0,185
0,187
0,187
0,187
0,187
0,187
0,187
0,187
0,187
0,187
0,187
0,187
0,187
0,187
0,187
0,187
0,187
0,187
0,187
0,187
0,187
0,187
0,187
0,187
0,187
0,187
0,187
0,187
0,187
0,187
0,187
0,187
0,187
0,187
0,187
0,187
0,187
0,187
0,187
0,187
0,187
0,187
0,187
0,187
0,187
0,187
0,187
0,187
0,187
0,187
0,187
0,187
0,187
0,188
0,187
0,187
0,187
0,188
0,187
0,187
0,188
0,187
0,188
0,187
0,187
0,188
0,187
0,187
0,188
0,188
0,188
0,187
0,188
0,188
0,188
0,187
0,188
0,188
0,188
0,188
0,188
0,188
0,188
0,188
0,188
0,188
0,188
0,188
0,188
0,188
0,188
0,188
0,188
0,188
0,188
0,188
0,187
0,188
0,188
0,188
0,188
0,188
0,188
0,187
0,188
0,188
0,188
0,188
0,188
0,188
0,186
0,188
0,188
0,188
0,188
0,188
0,188
0,186
0,188
0,188
0,188
0,188
0,188
0,188
0,188
0,188
0,188
0,188
0,188
0,188
0,188
0,186
0,188
0,188
0,188
0,188
0,188
0,188
0,189
0,188
0,188
0,189
0,188
0,188
0,188
0,188
0,188
0,188
0,188
0,188
0,188
0,188
0,188
0,188
0,188
0,189
0,188
0,189
0,188
0,188
0,188
0,189
0,189
0,188
0,189
0,188
0,188
0,189
0,189
0,189
0,189
0,188
0,189
0,189
0,189
0,188
0,189
0,188
0,189
0,189
0,189
0,189
0,189
0,189
0,189
0,188
0,189
0,189
0,189
0,189
0,189
0,189
0,189
0,189
0,189
0,189
0,189
0,189
0,189
0,189
0,189
0,189
0,189
0,189
0,189
0,189
0,189
0,189
0,189
0,189
0,189
0,189
0,189
0,189
0,189
0,189
0,189
0,189
0,189
0,189
0,188
0,189
0,189
0,189
0,189
0,189
0,188
0,188
0,189
0,188
0,189
0,189
0,189
0,189
0,188
0,189
0,189
0,189
0,189
0,189
0,189
0,188
0,189
0,189
0,189
0,189
0,189
0,189
0,188
0,189
0,189
0,189
0,189
0,189
0,189
0,188
0,189
0,189
0,189
0,189
0,189
0,189
0,188
0,189
0,189
0,189
0,189
0,189
0,189
0,187
0,189
0,189
0,189
0,189
0,190
0,190
0,189
0,189
0,189
0,190
0,189
0,189
0,190
0,187
0,190
0,189
0,190
0,190
0,189
0,189
0,201
0,190
0,190
0,189
0,190
0,190
0,190
0,190
0,190
0,190
0,189
0,189
0,189
0,190
0,189
0,190
0,190
0,190
0,189
0,190
0,189
0,189
0,189
0,190
0,190
0,190
0,190
0,190
0,190
0,190
0,190
0,190
0,190
0,190
0,190
0,190
0,190
0,190
0,190
0,190
0,190
0,190
0,190
0,190
0,190
0,190
0,190
0,190
0,190
0,190
0,190
0,190
0,190
0,190
0,190
0,190
0,190
0,190
0,190
0,190
0,190
0,190
0,190
0,190
0,190
0,190
0,190
0,190
0,190
0,190
0,190
0,190
0,190
0,190
0,190
0,190
0,190
0,190
0,190
0,190
0,190
0,190
0,190
0,190
0,190
0,190
0,191
0,190
0,190
0,190
0,190
0,190
0,191
0,191
0,190
0,190
0,190
0,190
0,190
0,190
0,191
0,191
0,190
0,190
0,190
0,191
0,191
0,190
0,191
0,191
0,190
0,191
0,190
0,191
0,190
0,190
0,191
0,190
0,191
0,191
0,191
0,191
0,191
0,190
0,190
0,191
0,190
0,191
0,191
0,190
0,191
0,190
0,191
0,191
0,191
0,190
0,190
0,191
0,190
0,190
0,190
0,191
0,190
0,191
0,191
0,190
0,190
0,191
0,190
0,191
0,190
0,191
0,190
0,191
0,190
0,191
0,191
0,191
0,191
0,190
0,191
0,191
0,191
0,191
0,191
0,191
0,190
0,191
0,191
0,191
0,191
0,191
0,191
0,190
0,191
0,191
0,191
0,191
0,191
0,191
0,190
0,191
0,191
0,191
0,191
0,191
0,191
0,190
0,191
0,191
0,191
0,191
0,191
0,191
0,190
0,191
0,191
0,191
0,191
0,191
0,191
0,190
0,191
0,191
0,191
0,191
0,191
0,191
0,189
0,191
0,191
0,191
0,191
0,191
0,191
0,190
0,191
0,191
0,191
0,191
0,191
0,191
0,189
0,191
0,191
0,191
0,191
0,191
0,191
0,191
0,191
0,191
0,191
0,191
0,191
0,191
0,191
0,191
0,191
0,191
0,191
0,191
0,191
0,188
0,191
0,192
0,192
0,191
0,191
0,191
0,191
0,191
0,192
0,192
0,192
0,192
0,191
0,191
0,192
0,192
0,192
0,192
0,192
0,192
0,192
0,192
0,192
0,192
0,192
0,192
0,192
0,192
0,192
0,192
0,192
0,192
0,192
0,192
0,192
0,192
0,192
0,192
0,192
0,192
0,192
0,192
0,192
0,192
0,192
0,192
0,192
0,192
0,192
0,192
0,192
0,192
0,192
0,192
0,192
0,192
0,192
0,192
0,192
0,192
0,192
0,192
0,192
0,192
0,192
0,192
0,192
0,192
0,192
0,192
0,192
0,192
0,192
0,192
0,192
0,192
0,192
0,192
0,192
0,192
0,192
0,192
0,192
0,192
0,192
0,192
0,192
0,192
0,192
0,192
0,192
0,192
0,192
0,192
0,192
0,192
0,192
0,192
0,192
0,192
0,192
0,192
0,192
0,192
0,192
0,192
0,192
0,192
0,192
0,192
0,192
0,192
0,192
0,192
0,192
0,192
0,192
0,192
0,192
0,192
0,192
0,192
0,192
0,192
0,192
0,192
0,192
0,192
0,192
0,192
0,192
0,192
0,192
0,192
0,192
0,192
0,192
0,192
0,192
0,192
0,192
0,192
0,192
0,192
0,192
0,192
0,192
0,192
0,192
0,192
0,192
0,192
0,192
0,192
0,192
0,192
0,192
0,192
0,192
0,192
0,192
0,192
0,192
0,192
0,192
0,192
0,192
0,192
0,192
0,192
0,193
0,193
0,192
0,192
0,192
0,192
0,192
0,192
0,193
0,192
0,193
0,192
0,192
0,192
0,192
0,192
0,192
0,193
0,192
0,192
0,192
0,193
0,193
0,192
0,192
0,192
0,193
0,193
0,193
0,193
0,193
0,193
0,193
0,192
0,193
0,193
0,193
0,193
0,192
0,193
0,193
0,193
0,193
0,193
0,193
0,193
0,192
0,193
0,194
0,193
0,193
0,193
0,193
0,193
0,193
0,193
0,193
0,193
0,193
0,193
0,193
0,193
0,194
0,193
0,193
0,192
0,193
0,193
0,193
0,194
0,193
0,193
0,193
0,194
0,194
0,194
0,193
0,194
0,194
0,193
0,193
0,194
0,193
0,194
0,194
0,194
0,193
0,193
0,194
0,194
0,193
0,193
0,193
0,193
0,193
0,194
0,193
0,193
0,193
0,193
0,193
0,193
0,193
0,193
0,193
0,193
0,193
0,194
0,194
0,194
0,193
0,194
0,194
0,193
0,193
0,194
0,194
0,194
0,194
0,194
0,194
0,194
0,194
0,194
0,194
0,194
0,194
0,194
0,194
0,194
0,194
0,194
0,194
0,194
0,194
0,194
0,194
0,194
0,194
0,194
0,194
0,194
0,194
0,194
0,194
0,194
0,193
0,194
0,194
0,194
0,194
0,194
0,194
0,194
0,194
0,194
0,193
0,194
0,194
0,194
0,194
0,194
0,193
0,193
0,194
0,194
0,194
0,194
0,194
0,194
0,194
0,194
0,194
0,194
0,194
0,194
0,194
0,194
0,194
0,194
0,194
0,194
0,194
0,194
0,194
0,193
0,194
0,194
0,194
0,194
0,194
0,194
0,194
0,194
0,194
0,194
0,194
0,194
0,194
0,194
0,194
0,194
0,194
0,194
0,194
0,194
0,194
0,193
0,194
0,194
0,194
0,194
0,194
0,194
0,194
0,194
0,194
0,194
0,194
0,194
0,194
0,194
0,194
0,194
0,194
0,194
0,194
0,194
0,194
0,194
0,194
0,194
0,194
0,194
0,194
0,194
0,194
0,194
0,194
0,194
0,194
0,194
0,194
0,194
0,194
0,194
0,194
0,194
0,194
0,194
0,194
0,194
0,194
0,194
0,194
0,194
0,194
0,194
0,194
0,194
0,194
0,194
0,194
0,194
0,194
0,194
0,194
0,194
0,194
0,194
0,194
0,194
0,194
0,194
0,194
0,194
0,194
0,194
0,194
0,194
0,194
0,194
0,194
0,194
0,194
0,194
0,194
0,194
0,194
0,194
0,194
0,195
0,194
0,195
0,194
0,194
0,194
0,195
0,195
0,194
0,194
0,195
0,194
0,195
0,195
0,195
0,195
0,194
0,195
0,194
0,195
0,194
0,195
0,194
0,195
0,195
0,195
0,195
0,195
0,195
0,195
0,195
0,195
0,195
0,194
0,195
0,195
0,195
0,195
0,195
0,195
0,195
0,195
0,195
0,195
0,195
0,195
0,195
0,194
0,195
0,195
0,195
0,195
0,195
0,195
0,195
0,195
0,195
0,195
0,195
0,195
0,195
0,195
0,195
0,195
0,195
0,195
0,195
0,195
0,195
0,195
0,195
0,195
0,195
0,195
0,195
0,195
0,195
0,195
0,195
0,195
0,195
0,195
0,195
0,195
0,195
0,195
0,195
0,195
0,195
0,195
0,195
0,195
0,195
0,195
0,195
0,195
0,195
0,195
0,195
0,195
0,195
0,195
0,195
0,195
0,195
0,195
0,195
0,195
0,195
0,195
0,195
0,195
0,195
0,195
0,195
0,195
0,195
0,195
0,195
0,195
0,195
0,195
0,195
0,195
0,195
0,195
0,195
0,195
0,195
0,195
0,195
0,195
0,195
0,195
0,195
0,195
0,195
0,195
0,195
0,195
0,207
0,195
0,195
0,195
0,195
0,195
0,195
0,195
0,195
0,195
0,195
0,195
0,195
0,195
0,194
0,196
0,195
0,195
0,195
0,195
0,195
0,193
0,196
0,195
0,196
0,196
0,196
0,196
0,194
0,196
0,196
0,195
0,196
0,196
0,196
0,194
0,196
0,196
0,196
0,196
0,196
0,196
0,195
0,196
0,196
0,196
0,196
0,195
0,196
0,195
0,196
0,196
0,196
0,196
0,196
0,196
0,195
0,196
0,196
0,196
0,196
0,196
0,196
0,195
0,196
0,196
0,196
0,196
0,196
0,196
0,195
0,196
0,196
0,196
0,196
0,196
0,196
0,195
0,196
0,195
0,196
0,196
0,196
0,196
0,196
0,196
0,196
0,196
0,196
0,196
0,196
0,196
0,196
0,196
0,196
0,196
0,196
0,196
0,196
0,196
0,196
0,196
0,196
0,196
0,196
0,196
0,196
0,196
0,196
0,196
0,196
0,196
0,196
0,196
0,196
0,196
0,196
0,196
0,196
0,196
0,196
0,196
0,196
0,196
0,196
0,196
0,196
0,196
0,196
0,196
0,196
0,196
0,196
0,196
0,196
0,196
0,196
0,196
0,196
0,196
0,196
0,196
0,196
0,196
0,196
0,196
0,196
0,196
0,196
0,196
0,196
0,196
0,196
0,196
0,196
0,196
0,196
0,196
0,196
0,196
0,196
0,196
0,196
0,196
0,196
0,196
0,196
0,196
0,196
0,196
0,197
0,196
0,196
0,196
0,196
0,196
0,196
0,197
0,196
0,197
0,197
0,196
0,196
0,197
0,196
0,197
0,197
0,197
0,196
0,197
0,197
0,197
0,197
0,197
0,197
0,197
0,197
0,197
0,197
0,197
0,197
0,197
0,197
0,197
0,197
0,197
0,197
0,197
0,196
0,197
0,197
0,197
0,197
0,197
0,196
0,197
0,197
0,196
0,197
0,197
0,197
0,196
0,197
0,197
0,197
0,197
0,197
0,197
0,197
0,197
0,197
0,196
0,197
0,185
0,197
0,197
0,197
0,197
0,197
0,197
0,195
0,197
0,197
0,197
0,197
0,197
0,197
0,196
0,197
0,197
0,197
0,197
0,197
0,197
0,196
0,197
0,197
0,197
0,197
0,197
0,197
0,196
0,197
0,197
0,197
0,197
0,197
0,197
0,197
0,197
0,197
0,197
0,197
0,197
0,197
0,197
0,197
0,197
0,197
0,197
0,197
0,197
0,197
0,197
0,197
0,197
0,197
0,197
0,197
0,197
0,197
0,197
0,197
0,197
0,197
0,197
0,197
0,197
0,197
0,197
0,197
0,197
0,197
0,197
0,197
0,197
0,197
0,197
0,197
0,197
0,197
0,197
0,197
0,197
0,197
0,197
0,197
0,197
0,197
0,197
0,197
0,197
0,197
0,197
0,197
0,197
0,197
0,197
0,197
0,198
0,197
0,198
0,198
0,197
0,197
0,198
0,197
0,197
0,197
0,197
0,197
0,197
0,197
0,197
0,197
0,197
0,197
0,197
0,197
0,197
0,198
0,198
0,198
0,197
0,197
0,198
0,198
0,197
0,197
0,197
0,198
0,198
0,198
0,198
0,198
0,198
0,198
0,198
0,196
0,198
0,197
0,198
0,198
0,198
0,198
0,195
0,198
0,198
0,197
0,198
0,197
0,198
0,196
0,198
0,198
0,198
0,198
0,198
0,198
0,196
0,198
0,198
0,198
0,198
0,198
0,198
0,197
0,198
0,198
0,198
0,198
0,198
0,198
0,197
0,198
0,198
0,198
0,198
0,198
0,198
0,198
0,198
0,198
0,198
0,198
0,198
0,198
0,198
0,198
0,198
0,198
0,198
0,198
0,198
0,198
0,198
0,198
0,198
0,198
0,198
0,198
0,198
0,198
0,198
0,198
0,198
0,198
0,198
0,198
0,198
0,198
0,198
0,198
0,198
0,198
0,198
0,198
0,198
0,198
0,198
0,198
0,198
0,198
0,198
0,198
0,198
0,198
0,198
0,198
0,198
0,198
0,198
0,198
0,198
0,198
0,198
0,198
0,198
0,198
0,198
0,198
0,198
0,198
0,198
0,198
0,198
0,198
0,198
0,198
0,198
0,198
0,198
0,198
0,198
0,198
0,198
0,198
0,198
0,198
0,198
0,198
0,198
0,198
0,198
0,198
0,198
0,187
0,198
0,198
0,198
0,198
0,199
0,198
0,196
0,198
0,198
0,198
0,198
0,198
0,198
0,197
0,198
0,198
0,198
0,198
0,198
0,198
0,198
0,198
0,198
0,198
0,198
0,198
0,198
0,198
0,198
0,198
0,198
0,198
0,199
0,198
0,198
0,198
0,198
0,198
0,198
0,198
0,199
0,198
0,198
0,198
0,198
0,198
0,198
0,199
0,198
0,198
0,198
0,198
0,198
0,198
0,198
0,198
0,199
0,199
0,198
0,198
0,198
0,199
0,199
0,198
0,198
0,199
0,199
0,199
0,199
0,199
0,199
0,198
0,199
0,199
0,198
0,198
0,199
0,199
0,198
0,199
0,199
0,199
0,199
0,199
0,199
0,199
0,199
0,199
0,199
0,199
0,199
0,199
0,199
0,199
0,199
0,199
0,198
0,199
0,199
0,199
0,199
0,199
0,199
0,199
0,199
0,199
0,199
0,199
0,198
0,199
0,199
0,199
0,199
0,199
0,199
0,198
0,199
0,199
0,199
0,199
0,199
0,199
0,198
0,199
0,199
0,199
0,199
0,199
0,199
0,198
0,199
0,199
0,199
0,199
0,199
0,199
0,198
0,199
0,199
0,199
0,199
0,199
0,199
0,199
0,199
0,199
0,199
0,199
0,199
0,199
0,199
0,199
0,199
0,199
0,199
0,199
0,199
0,199
0,199
0,199
0,199
0,199
0,199
0,199
0,199
0,199
0,199
0,199
0,199
0,199
0,199
0,199
0,199
0,199
0,199
0,199
0,199
0,199
0,199
0,199
0,199
0,199
0,199
0,199
0,199
0,199
0,199
0,199
0,199
0,199
0,199
0,199
0,199
0,199
0,199
0,199
0,199
0,199
0,199
0,199
0,199
0,199
0,199
0,199
0,199
0,199
0,199
0,199
0,197
0,199
0,199
0,199
0,199
0,199
0,199
0,198
0,199
0,199
0,199
0,199
0,200
0,199
0,198
0,199
0,199
0,199
0,199
0,199
0,199
0,198
0,199
0,199
0,199
0,199
0,199
0,199
0,199
0,199
0,199
0,199
0,199
0,199
0,199
0,199
0,199
0,199
0,199
0,199
0,200
0,199
0,199
0,199
0,199
0,199
0,200
0,199
0,200
0,199
0,199
0,199
0,199
0,199
0,199
0,199
0,199
0,199
0,199
0,200
0,199
0,199
0,199
0,199
0,199
0,199
0,199
0,199
0,200
0,199
0,200
0,199
0,200
0,200
0,200
0,199
0,199
0,200
0,200
0,199
0,199
0,199
0,200
0,199
0,199
0,199
0,198
0,199
0,200
0,199
0,199
0,200
0,200
0,198
0,199
0,199
0,199
0,200
0,200
0,200
0,198
0,200
0,200
0,200
0,200
0,200
0,200
0,199
0,200
0,200
0,200
0,200
0,200
0,200
0,199
0,200
0,200
0,200
0,199
0,199
0,200
0,199
0,200
0,200
0,200
0,200
0,200
0,199
0,200
0,200
0,200
0,200
0,200
0,200
0,200
0,200
0,200
0,200
0,200
0,200
0,200
0,200
0,200
0,200
0,200
0,200
0,200
0,200
0,200
0,199
0,200
0,200
0,200
0,200
0,200
0,200
0,199
0,200
0,200
0,200
0,200
0,200
0,200
0,200
0,200
0,200
0,200
0,200
0,200
0,200
0,200
0,200
0,200
0,200
0,200
0,200
0,200
0,200
0,200
0,197
0,200
0,200
0,200
0,200
0,200
0,200
0,199
0,200
0,200
0,200
0,200
0,200
0,200
0,199
0,200
0,200
0,200
0,200
0,200
0,200
0,200
0,200
0,200
0,200
0,200
0,200
0,200
0,200
0,200
0,200
0,200
0,200
0,200
0,200
0,200
0,200
0,200
0,200
0,200
0,200
0,200
0,200
0,200
0,200
0,200
0,200
0,200
0,200
0,200
0,200
0,200
0,200
0,200
0,200
0,200
0,200
0,200
0,200
0,200
0,200
0,200
0,200
0,200
0,200
0,200
0,200
0,200
0,200
0,200
0,200
0,200
0,200
0,200
0,200
0,200
0,200
0,200
0,200
0,200
0,200
0,200
0,201
0,200
0,200
0,200
0,198
0,201
0,200
0,200
0,201
0,201
0,200
0,199
0,200
0,200
0,200
0,201
0,200
0,200
0,200
0,200
0,200
0,200
0,200
0,200
0,200
0,200
0,200
0,200
0,200
0,200
0,200
0,200
0,200
0,200
0,200
0,201
0,200
0,201
0,200
0,200
0,200
0,200
0,200
0,201
0,201
0,200
0,201
0,201
0,200
0,200
0,200
0,200
0,200
0,200
0,200
0,200
0,201
0,200
0,200
0,200
0,201
0,200
0,200
0,201
0,200
0,200
0,201
0,200
0,200
0,200
0,200
0,200
0,200
0,200
0,200
0,200
0,200
0,201
0,200
0,200
0,201
0,200
0,200
0,198
0,200
0,201
0,200
0,201
0,201
0,201
0,199
0,200
0,201
0,201
0,201
0,201
0,201
0,200
0,200
0,201
0,201
0,200
0,201
0,201
0,200
0,200
0,201
0,201
0,201
0,200
0,201
0,201
0,201
0,201
0,201
0,201
0,201
0,201
0,201
0,201
0,201
0,201
0,201
0,201
0,201
0,201
0,201
0,201
0,201
0,201
0,201
0,201
0,201
0,201
0,201
0,201
0,201
0,200
0,201
0,201
0,201
0,201
0,201
0,201
0,201
0,201
0,201
0,201
0,201
0,201
0,201
0,201
0,201
0,201
0,201
0,202
0,201
0,201
0,201
0,201
0,201
0,201
0,203
0,201
0,201
0,201
0,201
0,201
0,201
0,200
0,201
0,201
0,201
0,201
0,201
0,201
0,200
0,201
0,201
0,201
0,201
0,201
0,201
0,201
0,201
0,201
0,201
0,201
0,201
0,201
0,201
0,201
0,201
0,201
0,201
0,201
0,201
0,201
0,201
0,201
0,201
0,201
0,201
0,201
0,201
0,201
0,201
0,201
0,201
0,201
0,201
0,201
0,201
0,201
0,201
0,201
0,201
0,201
0,201
0,201
0,201
0,201
0,201
0,201
0,201
0,201
0,201
0,201
0,201
0,201
0,201
0,201
0,201
0,201
0,201
0,201
0,201
0,201
0,201
0,201
0,201
0,201
0,201
0,201
0,201
0,201
0,201
0,201
0,201
0,201
0,201
0,201
0,201
0,201
0,201
0,201
0,201
0,199
0,201
0,201
0,201
0,201
0,201
0,201
0,200
0,201
0,201
0,201
0,201
0,201
0,201
0,201
0,201
0,201
0,201
0,201
0,201
0,201
0,201
0,201
0,201
0,201
0,201
0,201
0,202
0,201
0,201
0,201
0,201
0,202
0,201
0,202
0,202
0,202
0,202
0,202
0,201
0,202
0,201
0,201
0,202
0,201
0,201
0,201
0,201
0,201
0,201
0,201
0,202
0,201
0,202
0,201
0,202
0,201
0,202
0,202
0,202
0,202
0,202
0,202
0,201
0,202
0,202
0,202
0,202
0,202
0,202
0,201
0,201
0,188
0,201
0,202
0,201
0,201
0,202
0,202
0,200
0,202
0,201
0,202
0,201
0,201
0,202
0,201
0,202
0,202
0,202
0,201
0,202
