0.0,0.28648160019792734,0.7032734751701355
0.01,0.28648160019792734,0.13437500596046448
0.02,0.28648160019792734,0.13292187452316284
0.03,0.28648160019792734,0.13364844024181366
0.04,0.28648160019792734,0.1351015716791153
0.05,0.5892405651459728,0.1358281373977661
0.06,0.5892405651459728,0.13728125393390656
0.07,0.5892405651459728,0.1358281373977661
0.08,0.5892405651459728,0.1351015716791153
0.09,0.8920009854052217,0.13437500596046448
0.1,0.5892405651459728,0.13001562654972076
0.11,0.5892405651459728,0.13292187452316284
0.12,0.5892405651459728,0.13292187452316284
0.13,0.5892405651459728,0.13364844024181366
0.14,0.5892405651459728,0.13655468821525574
0.15,0.5892405651459728,0.13946093618869781
0.16,0.5892405651459728,0.13728125393390656
0.17,0.5892405651459728,0.13364844024181366
0.18,0.8920009854052217,0.12856251001358032
0.19,0.8920009854052217,0.12347656488418579
0.2,0.5892405651459728,0.12057031691074371
0.21,0.5892405651459728,0.12274999916553497
0.22,0.5892405651459728,0.12492969632148743
0.23,0.5892405651459728,0.1271093785762787
0.24,0.5892405651459728,0.12928906083106995
0.25,0.8920009854052217,0.12928906083106995
0.26,0.8920009854052217,0.1278359442949295
0.27,0.5892405651459728,0.1278359442949295
0.28,0.8920009854052217,0.12856251001358032
0.29,0.8920009854052217,0.12565624713897705
0.3,0.8920009854052217,0.12274999916553497
0.31,0.8920009854052217,0.12057031691074371
0.32,0.8920009854052217,0.11839061975479126
0.33,0.8920009854052217,0.11911718547344208
0.34,0.5892405651459728,0.12129688262939453
0.35,0.5892405651459728,0.12347656488418579
0.36,0.5892405651459728,0.12492969632148743
0.37,0.5892405651459728,0.12347656488418579
0.38,0.5892405651459728,0.12274999916553497
0.39,0.5892405651459728,0.12274999916553497
0.4,0.5892405651459728,0.12492969632148743
0.41,0.8920009854052217,0.1278359442949295
0.42,0.8920009854052217,0.12928906083106995
0.43,0.8920009854052217,0.13364844024181366
0.44,0.8920009854052217,0.13292187452316284
0.45,0.8920009854052217,0.1314687579870224
0.46,0.8920009854052217,0.12856251001358032
0.47,0.8920009854052217,0.1271093785762787
0.48,0.8920009854052217,0.1314687579870224
0.49,0.8920009854052217,0.13364844024181366
0.5,0.8920009854052217,0.12856251001358032
0.51,0.8920009854052217,0.12202343344688416
0.52,0.8920009854052217,0.11693750321865082
0.53,0.8920009854052217,0.1198437511920929
0.54,0.8920009854052217,0.12565624713897705
0.55,0.8920009854052217,0.13001562654972076
0.56,0.8920009854052217,0.13437500596046448
0.57,0.8920009854052217,0.1314687579870224
0.58,0.5892405651459728,0.12638281285762787
0.59,0.5892405651459728,0.12856251001358032
0.6,0.8920009854052217,0.13001562654972076
0.61,0.8920009854052217,0.12492969632148743
0.62,0.8920009854052217,0.1198437511920929
0.63,0.8920009854052217,0.12057031691074371
0.64,0.8920009854052217,0.12420313060283661
0.65,0.8920009854052217,0.12492969632148743
0.66,1.1947600473740139,0.12638281285762787
0.67,1.1947600473740139,0.12856251001358032
0.68,1.1947600473740139,0.12856251001358032
0.69,1.4975190123220592,0.14963281154632568
0.7,1.4975190123220592,0.1765156239271164
0.71,1.4975190123220592,0.17506250739097595
0.72,1.8002779772701047,0.18160156905651093
0.73,1.8002779772701047,0.17942188680171967
0.74,2.405797459498146,0.1692499965429306
0.75,2.7085563274254443,0.16707031428813934
0.76,2.7085563274254443,0.18596093356609344
0.77,2.7085563274254443,0.18378125131130219
0.78,3.0113153893942366,0.17070312798023224
0.79,3.0113153893942366,0.1576250046491623
0.8,3.0113153893942366,0.14164061844348907
0.81,3.0113153893942366,0.13364844024181366
0.82,3.0113153893942366,0.13074219226837158
0.83,3.0113153893942366,0.1278359442949295
0.84,3.0113153893942366,0.12057031691074371
0.85,3.0113153893942366,0.11330468952655792
0.86,2.7085563274254443,0.1125781238079071
0.87,2.7085563274254443,0.10749217867851257
0.88,2.7085563274254443,0.10167969018220901
0.89,2.7085563274254443,0.09586719423532486
0.9,2.7085563274254443,0.09005468338727951
0.91,2.7085563274254443,0.09296093136072159
0.92,2.7085563274254443,0.09296093136072159
0.93,3.0113153893942366,0.09005468338727951
0.94,3.0113153893942366,0.09586719423532486
0.95,3.0113153893942366,0.10603906214237213
0.96,3.0113153893942366,0.11330468952655792
0.97,3.0113153893942366,0.1162109375
0.98,3.0113153893942366,0.12492969632148743
0.99,3.0113153893942366,0.12638281285762787
1.0,3.0113153893942366,0.12856251001358032
1.01,2.7085563274254443,0.13800781965255737
1.02,2.7085563274254443,0.13219532370567322
1.03,2.7085563274254443,0.11766406893730164
1.04,2.7085563274254443,0.11403125524520874
1.05,2.7085563274254443,0.11185155808925629
1.06,2.7085563274254443,0.09950000792741776
1.07,2.405797459498146,0.09078124910593033
1.08,2.405797459498146,0.09586719423532486
1.09,2.1030370392388966,0.08860156685113907
1.1,2.1030370392388966,0.0820624977350235
1.11,2.1030370392388966,0.07770313322544098
1.12,1.8002779772701047,0.08133593946695328
1.13,1.8002779772701047,0.08496875315904617
1.14,1.8002779772701047,0.07988281548023224
1.15,1.4975190123220592,0.07261718809604645
1.16,1.1947600473740139,0.07189062237739563
1.17,1.1947600473740139,0.0747968778014183
1.18,0.5892405651459728,0.07407031208276749
1.19,0.5892405651459728,0.07552343606948853
1.2,0.28648160019792734,0.057359371334314346
1.21,-0.0162773799096097,0.02393750101327896
1.22,-0.31903635395335006,0.01594531163573265
1.23,-0.31903635395335006,0.03556249663233757
1.24,-0.31903635395335006,0.06099218502640724
1.25,-0.31903635395335006,0.08714843541383743
1.26,-0.31903635395335006,0.10531249642372131
1.27,-0.0162773799096097,0.13001562654972076
1.28,0.28648160019792734,0.15181249380111694
1.29,0.28648160019792734,0.17142969369888306
1.3,0.28648160019792734,0.19395312666893005
1.31,0.28648160019792734,0.1997656226158142
1.32,0.28648160019792734,0.19831249117851257
1.33,0.28648160019792734,0.18959374725818634
1.34,0.28648160019792734,0.1728828102350235
1.35,0.28648160019792734,0.15907812118530273
1.36,0.28648160019792734,0.15108592808246613
1.37,0.28648160019792734,0.15253905951976776
1.38,0.28648160019792734,0.1539921909570694
1.39,0.28648160019792734,0.1576250046491623
1.4,0.28648160019792734,0.16271093487739563
1.41,0.5892405651459728,0.16707031428813934
1.42,0.5892405651459728,0.1656171828508377
1.43,0.5892405651459728,0.15835155546665192
1.44,0.5892405651459728,0.15326562523841858
1.45,0.5892405651459728,0.15108592808246613
1.46,0.8920009854052217,0.14890624582767487
1.47,1.4975190123220592,0.14382030069828033
1.48,2.1030370392388966,0.1467265635728836
1.49,3.314074257321535,0.17433594167232513
1.5,4.222352607476875,0.2339140623807907
1.51,4.222352607476875,0.36469531059265137
1.52,4.222352607476875,0.3726874887943268
1.53,4.827870731414459,0.3494374752044678
1.54,4.827870731414459,0.2898593842983246
1.55,5.736149081569799,0.23173438012599945
1.56,5.736149081569799,0.2142968773841858
1.57,6.947186105610943,0.22301563620567322
1.58,6.947186105610943,0.24190624058246613
1.59,7.855464843849271,0.2607968747615814
1.6,8.158222353486112,0.2782343626022339
1.61,8.158222353486112,0.27750781178474426
1.62,8.158222353486112,0.2629765570163727
1.63,7.855464843849271,0.23173438012599945
1.64,7.855464843849271,0.17578907310962677
1.65,7.855464843849271,0.09804687649011612
1.66,7.855464843849271,0.04137500002980232
1.67,7.855464843849271,0.013765625655651093
1.68,7.855464843849271,0.008679686114192009
1.69,7.855464843849271,0.015218749642372131
1.7,7.552704229548529,0.021031247451901436
1.71,7.552704229548529,0.023210935294628143
1.72,7.552704229548529,0.028296872973442078
1.73,7.552704229548529,0.03410937264561653
1.74,7.552704229548529,0.0442812517285347
1.75,7.552704229548529,0.05300000309944153
1.76,7.552704229548529,0.0595390610396862
1.77,7.552704229548529,0.0595390610396862
1.78,7.552704229548529,0.06026562675833702
1.79,7.552704229548529,0.06462499499320984
1.8,7.552704229548529,0.06971094012260437
1.81,7.552704229548529,0.07334375381469727
1.82,7.552704229548529,0.07116406410932541
1.83,7.552704229548529,0.0820624977350235
1.84,7.552704229548529,0.09005468338727951
1.85,7.552704229548529,0.09514062851667404
1.86,7.249945167579736,0.08932811766862869
1.87,7.249945167579736,0.09005468338727951
1.88,7.552704229548529,0.09441406279802322
1.89,7.552704229548529,0.09804687649011612
1.9,7.855464843849271,0.10676562786102295
1.91,8.158222353486112,0.1351015716791153
1.92,8.763740477423697,0.1772421896457672
1.93,9.066501091724438,0.21502342820167542
1.94,9.369260929859207,0.2448125034570694
1.95,10.277536563433634,0.2600702941417694
1.96,10.580297177734376,0.2709687352180481
1.97,10.88305779203512,0.27387499809265137
1.98,10.88305779203512,0.27314841747283936
1.99,10.88305779203512,0.2593437433242798
2.0,10.88305779203512,0.23464061319828033
2.01,10.88305779203512,0.20194530487060547
2.02,10.88305779203512,0.1576250046491623
2.03,10.88305779203512,0.09950000792741776
2.04,10.88305779203512,0.05300000309944153
2.05,10.88305779203512,0.03483593836426735
2.06,10.88305779203512,0.03265624865889549
2.07,10.88305779203512,0.04137500002980232
2.08,10.580297177734376,0.05372656136751175
2.09,10.580297177734376,0.05881250277161598
2.1,10.580297177734376,0.0631718710064888
2.11,10.580297177734376,0.06898437440395355
2.12,10.580297177734376,0.07552343606948853
2.13,10.580297177734376,0.07697656750679016
2.14,10.580297177734376,0.07116406410932541
2.15,10.580297177734376,0.07915624976158142
2.16,10.580297177734376,0.08424218744039536
2.17,10.580297177734376,0.08424218744039536
2.18,10.580297177734376,0.08860156685113907
2.19,10.580297177734376,0.0936874970793724
2.2,11.791333425609546,0.0973203107714653
2.21,12.094093263744313,0.11911718547344208
2.22,13.00237200198264,0.19831249117851257
2.23,13.305128735453508,0.29131248593330383
2.24,16.02996495016849,0.3516171872615814
2.25,16.332722459805332,0.37849998474121094
2.26,16.332722459805332,0.4613281190395355
2.27,16.332722459805332,0.455515593290329
2.28,16.02996495016849,0.3327265679836273
2.29,15.727204335867746,0.18886718153953552
2.3,15.424446826230906,0.037015628069639206
2.31,15.424446826230906,-0.02837499976158142
2.32,15.121686211930161,-0.03782031312584877
2.33,15.121686211930161,-0.03636718913912773
2.34,14.818925597629418,-0.03636718913912773
2.35,14.818925597629418,-0.03636718913912773
2.36,14.818925597629418,-0.03636718913912773
2.37,14.818925597629418,-0.03636718913912773
2.38,14.818925597629418,-0.022562500089406967
2.39,15.424446826230906,0.01594531163573265
2.4,16.02996495016849,0.03410937264561653
2.41,17.5437618123444,0.03628906235098839
2.42,18.75479650788762,0.10603906214237213
2.43,20.268593370063527,0.3741406202316284
2.44,20.874111494001113,0.5041953325271606
2.45,21.479632722602602,0.561593770980835
2.46,21.479632722602602,0.5826640129089355
2.47,21.479632722602602,0.5506953597068787
2.48,21.479632722602602,0.4576953053474426
2.49,21.176872108301858,0.3196484446525574
2.5,20.571353984364272,0.15181249380111694
2.51,20.571353984364272,0.010132812894880772
2.52,20.571353984364272,-0.033460937440395355
2.53,20.571353984364272,-0.03709375113248825
2.54,20.268593370063527,-0.03636718913912773
2.55,20.268593370063527,-0.03636718913912773
2.56,20.268593370063527,-0.03636718913912773
2.57,20.268593370063527,-0.03636718913912773
2.58,20.268593370063527,-0.03636718913912773
2.59,20.874111494001113,-0.03636718913912773
2.6,22.085150846540188,-0.03055468760430813
2.61,23.598946156384145,0.02684374898672104
2.62,24.507224894622475,0.15544530749320984
2.63,24.507224894622475,0.34144532680511475
2.64,24.809982404259316,0.5114609599113464
2.65,25.4155005281969,0.49257034063339233
2.66,26.021021756798383,0.31165626645088196
2.67,27.232056452341602,0.2266484498977661
2.68,28.745853314517515,0.2818671762943268
2.69,28.745853314517515,0.38213279843330383
2.7,28.745853314517515,0.4533359408378601
2.71,28.443092700216773,0.4576953053474426
2.72,26.92929583804086,0.3508906066417694
2.73,25.718261142497642,0.14817968010902405
2.74,23.296185542083403,0.0028671883046627045
2.75,22.38790835617703,-0.03564062342047691
2.76,21.176872108301858,-0.03709375113248825
2.77,20.571353984364272,-0.03636718913912773
2.78,20.571353984364272,-0.03636718913912773
2.79,19.965835860426687,-0.03636718913912773
2.8,19.057557122188364,-0.03636718913912773
2.81,19.057557122188364,-0.03636718913912773
2.82,18.75479650788762,-0.03636718913912773
2.83,18.75479650788762,-0.03636718913912773
2.84,18.452038998250778,-0.03636718913912773
2.85,18.452038998250778,-0.03636718913912773
2.86,18.452038998250778,-0.03636718913912773
2.87,19.057557122188364,-0.03636718913912773
2.88,19.66307524612595,-0.03636718913912773
2.89,20.874111494001113,-0.03636718913912773
2.9,22.38790835617703,-0.03636718913912773
2.91,24.809982404259316,-0.03636718913912773
2.92,26.323777714103276,0.07334375381469727
2.93,27.534817066642347,0.3516171872615814
2.94,28.745853314517515,0.6560468673706055
2.95,28.745853314517515,0.7032734751701355
2.96,28.745853314517515,0.7032734751701355
2.97,28.745853314517515,0.6357031464576721
2.98,28.443092700216773,0.4308125078678131
2.99,27.837574576279188,0.20412498712539673
3.0,27.837574576279188,0.030476560816168785
3.01,27.534817066642347,-0.03636718913912773
3.02,27.534817066642347,-0.03636718913912773
3.03,27.837574576279188,-0.03636718913912773
3.04,27.837574576279188,-0.03636718913912773
3.05,28.443092700216773,-0.03636718913912773
3.06,30.865168300631016,-0.03636718913912773
3.07,32.68172267244376,0.04355468600988388
3.08,35.406558887158745,0.27314841747283936
3.09,37.52587076860834,0.5674062371253967
3.1,39.342428245084996,0.7032734751701355
3.11,39.64518885938574,0.7032734751701355
3.12,39.64518885938574,0.7032734751701355
3.13,39.64518885938574,0.7032734751701355
3.14,39.342428245084996,0.7032734751701355
3.15,38.736907016483514,0.5768515467643738
3.16,38.131391997209825,0.20557811856269836
3.17,37.82863138290909,0.008679686114192009
3.18,37.2231101543076,-0.03564062342047691
3.19,36.92035574933466,-0.03854687511920929
3.2,36.617595135033916,-0.03636718913912773
3.21,36.31483452073317,-0.03564062342047691
3.22,36.31483452073317,-0.03564062342047691
3.23,36.617595135033916,-0.03564062342047691
3.24,36.617595135033916,-0.03564062342047691
3.25,38.736907016483514,-0.03564062342047691
3.26,40.55346449296017,-0.03636718913912773
3.27,42.067261355136075,-0.03636718913912773
3.28,43.88381572694883,0.03483593836426735
3.29,45.094851974824,0.2448125034570694
3.3,45.700373203425485,0.5012890696525574
3.31,46.30588822269917,0.6218984127044678
3.32,47.81968508487508,0.5862968564033508
3.33,48.72796692777731,0.4482499659061432
3.34,50.241763789953225,0.3574296832084656
3.35,50.54452440425396,0.35960936546325684
3.36,50.54452440425396,0.4446171522140503
3.37,50.54452440425396,0.4424374997615814
3.38,50.241763789953225,0.33781251311302185
3.39,49.93900317565248,0.18232813477516174
3.4,49.030727542078054,0.030476560816168785
3.41,49.030727542078054,-0.02982812561094761
3.42,48.72796692777731,-0.03709375113248825
3.43,48.425206313476565,-0.03636718913912773
3.44,47.81968508487508,-0.03564062342047691
3.45,47.51693067990214,-0.03564062342047691
3.46,47.51693067990214,-0.03636718913912773
3.47,47.51693067990214,-0.03564062342047691
3.48,48.72796692777731,-0.03564062342047691
3.49,50.54452440425396,-0.03636718913912773
3.5,53.26935751430504,-0.03636718913912773
3.51,55.38866939575464,-0.03636718913912773
3.52,56.90246625793055,0.08278906345367432
3.53,59.021778139380146,0.388671875
3.54,60.53557500155606,0.6654921770095825
3.55,61.44385063513049,0.7032734751701355
3.56,61.44385063513049,0.7032734751701355
3.57,61.44385063513049,0.653140664100647
3.58,61.14109623015755,0.49620315432548523
3.59,59.62729936798163,0.2942187488079071
3.6,59.32453875368089,0.08424218744039536
3.61,59.021778139380146,-0.01892968639731407
3.62,58.11350250580572,-0.03709375113248825
3.63,58.11350250580572,-0.03709375113248825
3.64,57.810741891504975,-0.03564062342047691
3.65,57.810741891504975,-0.03564062342047691
3.66,57.810741891504975,-0.03564062342047691
3.67,57.810741891504975,-0.03564062342047691
3.68,59.32453875368089,-0.03636718913912773
3.69,62.04937186373197,-0.03564062342047691
3.7,63.86592934020863,-0.03636718913912773
3.71,66.59076245025972,-0.03636718913912773
3.72,68.7100805410371,0.0820624977350235
3.73,71.43491365108818,0.43589842319488525
3.74,73.55422553253779,0.7018203139305115
3.75,73.55422553253779,0.7032734751701355
3.76,73.55422553253779,0.7032734751701355
3.77,72.34318928466261,0.5768515467643738
3.78,71.73767426538892,0.24263282120227814
3.79,70.8293924224867,0.027570314705371857
3.8,70.22387740321301,-0.033460937440395355
3.81,69.92111678891227,-0.03854687511920929
3.82,69.61835617461153,-0.03636718913912773
3.83,69.01283494601005,-0.03564062342047691
3.84,68.40731992673636,-0.03564062342047691
3.85,68.10455931243563,-0.03564062342047691
3.86,67.80179869813489,-0.03564062342047691
3.87,67.80179869813489,-0.03564062342047691
3.88,67.80179869813489,-0.03564062342047691
3.89,69.61835617461153,-0.03636718913912773
3.9,73.25147112756484,-0.03564062342047691
3.91,75.97630423761592,-0.03564062342047691
3.92,78.7011311383392,-0.03564062342047691
3.93,81.12320363408953,0.07915624976158142
3.94,82.63700049626546,0.37849998474121094
3.95,83.24252172486693,0.6960078477859497
3.96,83.24252172486693,0.7032734751701355
3.97,83.24252172486693,0.7032734751701355
3.98,82.63700049626546,0.7032734751701355
3.99,82.03147926766395,0.38285937905311584
4.0,81.72872486269102,0.08060938119888306
4.01,81.72872486269102,-0.026195311918854713
4.02,81.12320363408953,-0.03782031312584877
4.03,80.82044922911659,-0.03709375113248825
4.04,80.51768240548805,-0.03564062342047691
4.05,80.51768240548805,-0.03564062342047691
4.06,80.21492800051512,-0.03564062342047691
4.07,80.21492800051512,-0.03564062342047691
4.08,80.21492800051512,-0.03564062342047691
4.09,81.12320363408953,-0.03564062342047691
4.1,84.75631858704284,-0.03636718913912773
4.11,87.78391231139467,-0.03636718913912773
4.12,92.02254849294945,-0.03564062342047691
4.13,94.74737539367274,0.08787500113248825
4.14,95.05013600797349,0.5427030920982361
4.15,95.05013600797349,0.7032734751701355
4.16,95.05013600797349,0.7032734751701355
4.17,94.4446209886998,0.7032734751701355
4.18,92.93082412652389,0.5361641049385071
4.19,92.32530289792241,0.14018750190734863
4.2,92.02254849294945,-0.033460937440395355
4.21,91.71978166932092,-0.03854687511920929
4.22,91.11426044071943,-0.03709375113248825
4.23,91.11426044071943,-0.03564062342047691
4.24,90.205984807145,-0.03564062342047691
4.25,90.205984807145,-0.03564062342047691
4.26,90.205984807145,-0.03564062342047691
4.27,90.205984807145,-0.03564062342047691
4.28,92.93082412652389,-0.03564062342047691
4.29,97.16944168009528,-0.03636718913912773
4.3,101.10532345667713,-0.03564062342047691
4.31,104.73843220030264,-0.03564062342047691
4.32,107.76601350599886,0.2142968773841858
4.33,109.88533159677625,0.651687502861023
4.34,109.88533159677625,0.7032734751701355
4.35,109.88533159677625,0.7032734751701355
4.36,108.97705596320183,0.7032734751701355
4.37,108.67430155822889,0.7032734751701355
4.38,108.37153473460035,0.6211718916893005
4.39,108.0687803296274,0.1772421896457672
4.4,107.76601350599886,-0.008031249046325684
4.41,107.16050469605298,-0.03636718913912773
4.42,106.25222906247855,-0.03854687511920929
4.43,105.64670783387707,-0.03636718913912773
4.44,105.64670783387707,-0.03564062342047691
4.45,105.64670783387707,-0.03564062342047691
4.46,105.94946223885,-0.03564062342047691
4.47,108.67430155822889,-0.03564062342047691
4.48,112.91292532112807,-0.03564062342047691
4.49,121.39018526558208,-0.03564062342047691
4.5,122.60122772278504,-0.03636718913912773
4.51,122.90398212775798,0.7032734751701355
4.52,122.90398212775798,0.7032734751701355
4.53,122.90398212775798,0.7032734751701355
4.54,122.29847331781211,0.7032734751701355
4.55,121.08743086060912,0.5303515791893005
4.56,120.48190963200764,0.1351015716791153
4.57,119.57363399843322,-0.016750000417232513
4.58,118.96811276983173,-0.03709375113248825
4.59,118.0598371362573,-0.03854687511920929
4.6,117.15156150268288,-0.03636718913912773
4.61,116.84879467905434,-0.03564062342047691
4.62,116.84879467905434,-0.03564062342047691
4.63,115.94051904547989,-0.03564062342047691
4.64,115.33499781687841,-0.03564062342047691
4.65,115.33499781687841,-0.03564062342047691
4.66,115.33499781687841,-0.03564062342047691
4.67,117.45431590765581,-0.03564062342047691
4.68,121.08743086060912,-0.03564062342047691
4.69,125.32606704216393,-0.03564062342047691
4.7,129.26193640009018,-0.03564062342047691
4.71,133.80332698661792,-0.03636718913912773
4.72,137.4364419395712,0.26951560378074646
4.73,140.46403566392303,0.6734843254089355
4.74,140.46403566392303,0.7032734751701355
4.75,140.46403566392303,0.7032734751701355
4.76,140.1612688402945,0.7032734751701355
4.77,139.25299320672008,0.7032734751701355
4.78,138.95023880174713,0.7032734751701355
4.79,138.0419507495171,0.4075624942779541
4.8,137.13367511594265,0.07625000178813934
4.81,136.52815388734118,-0.02982812561094761
4.82,135.92264507739532,-0.03782031312584877
4.83,135.01435702516528,-0.03782031312584877
4.84,135.01435702516528,-0.03564062342047691
4.85,135.01435702516528,-0.03564062342047691
4.86,135.01435702516528,-0.03564062342047691
4.87,137.73919634454415,-0.03564062342047691
4.88,142.2805869310719,-0.03564062342047691
4.89,146.21644387034254,-0.03564062342047691
4.9,151.06060128049882,-0.03564062342047691
4.91,153.48267377624916,0.10022655874490738
4.92,155.60199186702656,0.5819374918937683
4.93,156.20750067697244,0.7032734751701355
4.94,156.20750067697244,0.7032734751701355
4.95,156.20750067697244,0.7032734751701355
4.96,154.69370381479652,0.7032734751701355
4.97,154.39094940982358,0.6102734208106995
4.98,153.48267377624916,0.184507817029953
4.99,152.27163131904618,-0.00439843675121665
5.0,151.36335568547176,-0.03636718913912773
5.01,151.06060128049882,-0.03854687511920929
5.02,150.4550800518973,-0.03636718913912773
5.03,149.84955882329584,-0.03564062342047691
5.04,149.24403759469436,-0.03564062342047691
5.05,149.24403759469436,-0.03564062342047691
5.06,149.24403759469436,-0.03564062342047691
5.07,151.6661100904447,-0.03564062342047691
5.08,158.62958559137837,-0.03564062342047691
5.09,161.6571793157302,-0.03564062342047691
5.1,171.0427148937586,-0.03564062342047691
5.11,171.6482361223601,0.08860156685113907
5.12,171.6482361223601,0.7032734751701355
5.13,171.6482361223601,0.7032734751701355
5.14,170.43719366515714,0.7032734751701355
5.15,169.22616362660975,0.6284375190734863
5.16,168.0151211694068,0.18305468559265137
5.17,167.10684553583235,-0.0058515639975667
5.18,166.19856990225793,-0.03636718913912773
5.19,165.2902818500279,-0.03854687511920929
5.2,164.68477304008204,-0.03636718913912773
5.21,164.07925181148053,-0.03564062342047691
5.22,163.1709761779061,-0.03564062342047691
5.23,163.1709761779061,-0.03564062342047691
5.24,163.1709761779061,-0.03564062342047691
5.25,164.3820062164535,-0.03564062342047691
5.26,169.5289180315827,-0.03564062342047691
5.27,175.58410548028635,-0.03564062342047691
5.28,180.42825047178704,-0.03564062342047691
5.29,183.45583177748324,-0.03564062342047691
5.3,185.2723830446321,0.3508906066417694
5.31,185.2723830446321,0.7003672122955322
5.32,185.2723830446321,0.7032734751701355
5.33,185.2723830446321,0.7032734751701355
5.34,184.36411982971327,0.7032734751701355
5.35,183.15307737251032,0.4489765763282776
5.36,182.24480173893588,0.10385937243700027
5.37,181.6392805103344,-0.022562500089406967
5.38,181.33652610536146,-0.03782031312584877
5.39,180.12549606681407,-0.03782031312584877
5.4,180.12549606681407,-0.03564062342047691
5.41,178.91445360961112,-0.03564062342047691
5.42,178.91445360961112,-0.03564062342047691
5.43,178.00619039469228,-0.03564062342047691
5.44,177.70341115240817,-0.03564062342047691
5.45,177.4006567474352,-0.03564062342047691
5.46,176.49238111386077,-0.03564062342047691
5.47,176.18962670888783,-0.03564062342047691
5.48,176.18962670888783,-0.03564062342047691
5.49,175.58410548028635,-0.03564062342047691
5.5,175.2813510753134,-0.03564062342047691
5.51,174.6758298467119,-0.03564062342047691
5.52,173.7675542131375,-0.03564062342047691
5.53,173.46478738950896,-0.03564062342047691
5.54,172.55651175593454,-0.03564062342047691
5.55,171.6482361223601,-0.03564062342047691
5.56,171.0427148937586,-0.03564062342047691
5.57,171.0427148937586,-0.03564062342047691
5.58,169.83167243655566,-0.03636718913912773
5.59,169.83167243655566,-0.03636718913912773
5.6,168.62064239800827,-0.03636718913912773
5.61,168.62064239800827,-0.03564062342047691
5.62,167.40959994080532,-0.03564062342047691
5.63,167.10684553583235,-0.03636718913912773
5.64,165.59304867365645,-0.03636718913912773
5.65,165.2902818500279,-0.03636718913912773
5.66,164.07925181148053,-0.03636718913912773
5.67,164.07925181148053,-0.03636718913912773
5.68,163.47373058287906,-0.03636718913912773
5.69,162.56545494930464,-0.03636718913912773
5.7,161.95993372070316,-0.03636718913912773
5.71,161.95993372070316,-0.03636718913912773
5.72,161.05165808712871,-0.03636718913912773
5.73,160.74889126350016,-0.03636718913912773
5.74,160.44613685852724,-0.03636718913912773
5.75,159.84061562992574,-0.03636718913912773
5.76,159.23509440132426,-0.03636718913912773
5.77,159.23509440132426,-0.03636718913912773
5.78,158.93233999635132,-0.03636718913912773
5.79,158.3268187677498,-0.03636718913912773
5.8,158.3268187677498,-0.03636718913912773
5.81,158.3268187677498,-0.03636718913912773
5.82,157.72129753914834,-0.03636718913912773
5.83,156.81302190557392,-0.03636718913912773
5.84,156.81302190557392,-0.03636718913912773
5.85,156.81302190557392,-0.03636718913912773
5.86,156.81302190557392,-0.03636718913912773
5.87,156.510267500601,-0.03636718913912773
5.88,156.510267500601,-0.03636718913912773
5.89,156.510267500601,-0.03636718913912773
5.9,156.20750067697244,-0.03636718913912773
5.91,156.20750067697244,-0.03636718913912773
5.92,155.60199186702656,-0.03636718913912773
5.93,155.60199186702656,-0.03636718913912773
5.94,154.99647063842508,-0.03636718913912773
5.95,154.39094940982358,-0.03636718913912773
5.96,154.39094940982358,-0.03636718913912773
5.97,154.08819500485066,-0.03636718913912773
5.98,153.7854281812221,-0.03636718913912773
5.99,152.57439814267474,-0.03636718913912773
6.0,152.27163131904618,-0.03636718913912773
6.01,152.27163131904618,-0.03636718913912773
6.02,151.96887691407323,-0.03636718913912773
6.03,151.36335568547176,-0.03636718913912773
6.04,151.36335568547176,-0.03636718913912773
6.05,150.75783445687028,-0.03636718913912773
6.06,150.4550800518973,-0.03636718913912773
6.07,150.15231322826878,-0.03636718913912773
6.08,149.84955882329584,-0.03636718913912773
6.09,149.54680441832292,-0.03636718913912773
6.1,149.24403759469436,-0.02038281224668026
6.11,148.33576196111994,0.019578123465180397
6.12,148.033007556147,0.048640623688697815
6.13,148.033007556147,0.06898437440395355
6.14,148.033007556147,0.09005468338727951
6.15,147.12471950391696,0.1125781238079071
6.16,147.12471950391696,0.12420313060283661
6.17,147.12471950391696,0.1314687579870224
6.18,146.82196509894402,0.13437500596046448
6.19,146.82196509894402,0.138734370470047
6.2,146.51921069397108,0.138734370470047
6.21,145.9136894653696,0.13655468821525574
6.22,145.61092264174107,0.14091405272483826
6.23,145.3081682367681,0.13800781965255737
6.24,145.3081682367681,0.13364844024181366
6.25,145.00541383179515,0.1314687579870224
6.26,145.00541383179515,0.12856251001358032
6.27,145.00541383179515,0.12057031691074371
6.28,145.00541383179515,0.12057031691074371
6.29,145.00541383179515,0.13364844024181366
6.3,145.00541383179515,0.17506250739097595
6.31,144.70264700816662,0.22301563620567322
6.32,144.70264700816662,0.25062501430511475
6.33,144.39989260319368,0.24408592283725739
6.34,144.09713819822076,0.2142968773841858
6.35,143.7943713745922,0.17433594167232513
6.36,143.1888625646463,0.13364844024181366
6.37,143.1888625646463,0.09150781482458115
6.38,142.88609574101778,0.07116406410932541
6.39,141.97783252609895,0.0595390610396862
6.4,141.97783252609895,0.05372656136751175
6.41,141.67506570247042,0.04936718940734863
6.42,141.67506570247042,0.06244531646370888
6.43,141.37231129749748,0.08932811766862869
6.44,140.766790068896,0.11112499237060547
6.45,140.766790068896,0.12492969632148743
6.46,140.766790068896,0.13001562654972076
6.47,140.1612688402945,0.12420313060283661
6.48,140.1612688402945,0.11911718547344208
6.49,139.555747611693,0.11839061975479126
6.5,139.25299320672008,0.11475780606269836
6.51,138.95023880174713,0.10967187583446503
6.52,138.95023880174713,0.10894531011581421
6.53,138.64747197811857,0.10894531011581421
6.54,138.34471757314566,0.11475780606269836
6.55,138.34471757314566,0.11839061975479126
6.56,137.73919634454415,0.12057031691074371
6.57,137.73919634454415,0.12129688262939453
6.58,137.4364419395712,0.12347656488418579
6.59,137.13367511594265,0.12420313060283661
6.6,137.13367511594265,0.1271093785762787
6.61,137.13367511594265,0.12856251001358032
6.62,136.83092071096974,0.12638281285762787
6.63,136.22539948236826,0.12856251001358032
6.64,136.22539948236826,0.13001562654972076
6.65,135.92264507739532,0.12856251001358032
6.66,135.92264507739532,0.1271093785762787
6.67,135.61987825376676,0.12274999916553497
6.68,135.61987825376676,0.12420313060283661
6.69,135.3171238487938,0.12420313060283661
6.7,135.3171238487938,0.12565624713897705
6.71,135.3171238487938,0.1271093785762787
6.72,135.3171238487938,0.12638281285762787
6.73,135.01435702516528,0.1351015716791153
6.74,135.01435702516528,0.20267188549041748
6.75,135.01435702516528,0.24771873652935028
6.76,135.01435702516528,0.22810156643390656
6.77,135.01435702516528,0.1772421896457672
6.78,134.10608139159083,0.13219532370567322
6.79,134.10608139159083,0.0973203107714653
6.8,133.19780575801641,0.06825780868530273
6.81,133.19780575801641,0.05082031339406967
6.82,132.8950513530435,0.04210156574845314
6.83,132.8950513530435,0.0406484417617321
6.84,132.59228452941494,0.0406484417617321
6.85,132.289530124442,0.058085937052965164
6.86,132.289530124442,0.08787500113248825
6.87,132.289530124442,0.11403125524520874
6.88,131.98676330081344,0.12565624713897705
6.89,131.98676330081344,0.13074219226837158
6.9,131.6840088958405,0.1278359442949295
6.91,131.38125449086758,0.12347656488418579
6.92,131.07848766723902,0.1198437511920929
6.93,131.07848766723902,0.1162109375
6.94,130.47296643863754,0.1125781238079071
6.95,130.1702120336646,0.10894531011581421
6.96,130.1702120336646,0.10749217867851257
6.97,129.86745762869165,0.10603906214237213
6.98,129.86745762869165,0.1125781238079071
6.99,129.86745762869165,0.11693750321865082
7.0,129.5646908050631,0.11766406893730164
7.01,129.26193640009018,0.11911718547344208
7.02,128.95916957646162,0.11911718547344208
7.03,128.35366076651576,0.1198437511920929
7.04,128.35366076651576,0.12129688262939453
7.05,128.0508939428872,0.12129688262939453
7.06,128.0508939428872,0.12057031691074371
7.07,127.74813953791427,0.12202343344688416
7.08,127.74813953791427,0.12202343344688416
7.09,127.74813953791427,0.1271093785762787
7.1,127.44537271428572,0.1271093785762787
7.11,127.44537271428572,0.12565624713897705
7.12,127.14261830931278,0.12347656488418579
7.13,127.14261830931278,0.12057031691074371
7.14,127.14261830931278,0.1198437511920929
7.15,127.14261830931278,0.12638281285762787
7.16,127.14261830931278,0.20194530487060547
7.17,126.83986390433982,0.24626563489437103
7.18,126.83986390433982,0.2637031078338623
7.19,126.83986390433982,0.252078115940094
7.2,126.83986390433982,0.20993751287460327
7.21,126.53709708071128,0.15907812118530273
7.22,125.62882144713686,0.11693750321865082
7.23,125.32606704216393,0.07988281548023224
7.24,125.02330021853538,0.05517968907952309
7.25,125.02330021853538,0.04137500002980232
7.26,124.72054581356245,0.03338281437754631
7.27,124.41777898993391,0.027570314705371857
7.28,124.41777898993391,0.03338281437754631
7.29,124.11502458496093,0.05517968907952309
7.3,123.812270179988,0.08932811766862869
7.31,123.50950335635946,0.11039844155311584
7.32,123.50950335635946,0.12129688262939453
7.33,123.20674895138653,0.12856251001358032
7.34,122.90398212775798,0.12347656488418579
7.35,122.90398212775798,0.1198437511920929
7.36,122.90398212775798,0.11548437178134918
7.37,122.60122772278504,0.11112499237060547
7.38,122.60122772278504,0.10749217867851257
7.39,122.29847331781211,0.10531249642372131
7.4,121.6929520892106,0.10749217867851257
7.41,121.6929520892106,0.10894531011581421
7.42,121.6929520892106,0.11185155808925629
7.43,121.39018526558208,0.1125781238079071
7.44,121.39018526558208,0.1162109375
7.45,121.08743086060912,0.11766406893730164
7.46,121.08743086060912,0.12202343344688416
7.47,120.78467645563619,0.12856251001358032
7.48,120.48190963200764,0.12856251001358032
7.49,120.48190963200764,0.12565624713897705
7.5,120.1791552270347,0.12420313060283661
7.51,119.87638840340615,0.12492969632148743
7.52,119.57363399843322,0.12129688262939453
7.53,119.2708795934603,0.11839061975479126
7.54,118.96811276983173,0.11766406893730164
7.55,118.96811276983173,0.11839061975479126
7.56,118.66535836485878,0.1198437511920929
7.57,118.66535836485878,0.12057031691074371
7.58,118.96811276983173,0.12057031691074371
7.59,118.96811276983173,0.12347656488418579
7.6,118.96811276983173,0.12492969632148743
7.61,118.96811276983173,0.14745311439037323
7.62,119.57363399843322,0.20267188549041748
7.63,119.57363399843322,0.25135156512260437
7.64,119.57363399843322,0.27387499809265137
7.65,118.96811276983173,0.2629765570163727
7.66,118.66535836485878,0.22301563620567322
7.67,118.36259154123023,0.1728828102350235
7.68,118.36259154123023,0.12274999916553497
7.69,118.0598371362573,0.08278906345367432
7.7,117.15156150268288,0.05881250277161598
7.71,117.15156150268288,0.04500780999660492
7.72,116.84879467905434,0.039195310324430466
7.73,116.84879467905434,0.03265624865889549
7.74,116.84879467905434,0.039921876043081284
7.75,116.5460402740814,0.05881250277161598
7.76,116.5460402740814,0.08351562172174454
7.77,116.24328586910845,0.10458593815565109
7.78,116.24328586910845,0.12129688262939453
7.79,115.63776464050696,0.12565624713897705
7.8,115.63776464050696,0.12347656488418579
7.81,115.33499781687841,0.1198437511920929
7.82,115.33499781687841,0.11475780606269836
7.83,115.03224341190548,0.11039844155311584
7.84,114.72948900693254,0.10676562786102295
7.85,114.72948900693254,0.10385937243700027
7.86,114.426722183304,0.10240625590085983
7.87,114.12396777833106,0.10313282161951065
7.88,114.12396777833106,0.10313282161951065
7.89,113.82120095470252,0.10676562786102295
7.9,113.82120095470252,0.11039844155311584
7.91,113.51844654972956,0.1125781238079071
7.92,113.51844654972956,0.11766406893730164
7.93,113.51844654972956,0.11766406893730164
7.94,113.21569214475662,0.12057031691074371
7.95,112.91292532112807,0.12420313060283661
7.96,112.91292532112807,0.1271093785762787
7.97,112.91292532112807,0.12856251001358032
7.98,112.91292532112807,0.1278359442949295
7.99,112.61017091615514,0.1271093785762787
8.0,112.00464968755365,0.12638281285762787
8.01,112.00464968755365,0.12638281285762787
8.02,112.00464968755365,0.12492969632148743
8.03,112.00464968755365,0.12565624713897705
8.04,112.00464968755365,0.12202343344688416
8.05,112.00464968755365,0.12420313060283661
8.06,112.3074040925266,0.12856251001358032
8.07,112.61017091615514,0.15617187321186066
8.08,112.61017091615514,0.21211719512939453
8.09,112.61017091615514,0.26224997639656067
8.1,112.3074040925266,0.2869531214237213
8.11,112.3074040925266,0.275328129529953
8.12,112.3074040925266,0.23028124868869781
8.13,112.3074040925266,0.16997656226158142
8.14,112.00464968755365,0.11839061975479126
8.15,111.70189528258072,0.0856953039765358
8.16,110.79360723035069,0.0668046846985817
8.17,110.49085282537774,0.056632813066244125
8.18,110.49085282537774,0.048640623688697815
8.19,110.49085282537774,0.0406484417617321
8.2,110.1880984204048,0.04282812401652336
8.21,109.88533159677625,0.06026562675833702
8.22,109.58257719180332,0.08278906345367432
8.23,109.58257719180332,0.10240625590085983
8.24,109.58257719180332,0.11693750321865082
8.25,109.58257719180332,0.12274999916553497
8.26,108.97705596320183,0.12057031691074371
8.27,108.97705596320183,0.11185155808925629
8.28,108.97705596320183,0.10676562786102295
8.29,108.67430155822889,0.10313282161951065
8.3,108.37153473460035,0.1009531244635582
8.31,108.0687803296274,0.10022655874490738
8.32,108.0687803296274,0.09804687649011612
8.33,107.46325910102593,0.09804687649011612
8.34,107.46325910102593,0.10167969018220901
8.35,107.46325910102593,0.10458593815565109
8.36,107.46325910102593,0.10821874439716339
8.37,107.16050469605298,0.10967187583446503
8.38,107.16050469605298,0.11548437178134918
8.39,107.16050469605298,0.12129688262939453
8.4,107.16050469605298,0.12274999916553497
8.41,106.55498346745149,0.12202343344688416
8.42,106.55498346745149,0.12492969632148743
8.43,106.25222906247855,0.12856251001358032
8.44,106.25222906247855,0.1278359442949295
8.45,105.94946223885,0.1278359442949295
8.46,105.94946223885,0.12420313060283661
8.47,105.94946223885,0.12129688262939453
8.48,105.94946223885,0.12057031691074371
8.49,105.94946223885,0.12856251001358032
8.5,106.25222906247855,0.15689843893051147
8.51,106.85773787242444,0.21211719512939453
8.52,106.85773787242444,0.2629765570163727
8.53,106.85773787242444,0.28767967224121094
8.54,106.55498346745149,0.27314841747283936
8.55,106.55498346745149,0.22810156643390656
8.56,106.55498346745149,0.16634374856948853
8.57,105.94946223885,0.11693750321865082
8.58,105.64670783387707,0.08860156685113907
8.59,105.34395342890413,0.07189062237739563
8.6,105.34395342890413,0.0631718710064888
8.61,105.04118660527558,0.05300000309944153
8.62,104.73843220030264,0.048640623688697815
8.63,104.43567779532971,0.057359371334314346
8.64,104.43567779532971,0.07407031208276749
8.65,104.43567779532971,0.1125781238079071
8.66,104.13291718102896,0.12420313060283661
8.67,103.52739595242747,0.12492969632148743
8.68,103.52739595242747,0.12057031691074371
8.69,103.52739595242747,0.11330468952655792
8.7,103.52739595242747,0.10749217867851257
8.71,103.22462912879892,0.09804687649011612
8.72,103.22462912879892,0.09296093136072159
8.73,103.22462912879892,0.09296093136072159
8.74,102.921874723826,0.09659374505281448
8.75,102.61912031885305,0.09877344220876694
8.76,102.3163534952245,0.10385937243700027
8.77,102.01359909025156,0.10821874439716339
8.78,101.71083226662302,0.11112499237060547
8.79,101.71083226662302,0.11548437178134918
8.8,101.71083226662302,0.11693750321865082
8.81,101.71083226662302,0.11911718547344208
8.82,101.71083226662302,0.12565624713897705
8.83,101.40807786165007,0.12638281285762787
8.84,101.40807786165007,0.12347656488418579
8.85,101.10532345667713,0.12565624713897705
8.86,101.10532345667713,0.1358281373977661
8.87,101.10532345667713,0.13800781965255737
8.88,101.10532345667713,0.1314687579870224
8.89,101.10532345667713,0.12202343344688416
8.9,101.10532345667713,0.11403125524520874
8.91,101.40807786165007,0.12638281285762787
8.92,102.01359909025156,0.17360937595367432
8.93,102.01359909025156,0.23246093094348907
8.94,101.71083226662302,0.275328129529953
8.95,101.71083226662302,0.2825937569141388
8.96,101.40807786165007,0.24553905427455902
8.97,101.10532345667713,0.18232813477516174
8.98,101.10532345667713,0.13001562654972076
8.99,100.49980222807565,0.10240625590085983
9.0,100.49980222807565,0.08496875315904617
9.01,100.1970354044471,0.06535156071186066
9.02,100.1970354044471,0.06171875074505806
9.03,100.1970354044471,0.06898437440395355
9.04,100.1970354044471,0.08787500113248825
9.05,99.89428099947416,0.10603906214237213
9.06,99.59152659450122,0.11693750321865082
9.07,99.59152659450122,0.11839061975479126
9.08,98.98600536589974,0.11548437178134918
9.09,98.98600536589974,0.11330468952655792
9.1,98.98600536589974,0.10821874439716339
9.11,98.98600536589974,0.10240625590085983
9.12,98.6832385422712,0.09804687649011612
9.13,98.6832385422712,0.09296093136072159
9.14,98.38048413729825,0.09005468338727951
9.15,98.38048413729825,0.09441406279802322
9.16,98.07772973232531,0.0973203107714653
9.17,98.07772973232531,0.09659374505281448
9.18,97.77496290869676,0.09441406279802322
9.19,97.77496290869676,0.09586719423532486
9.2,97.47220850372383,0.10313282161951065
9.21,97.47220850372383,0.10821874439716339
9.22,97.47220850372383,0.1125781238079071
9.23,96.86668727512233,0.11839061975479126
9.24,96.86668727512233,0.12129688262939453
9.25,96.86668727512233,0.12129688262939453
9.26,96.86668727512233,0.12129688262939453
9.27,96.5639328701494,0.1271093785762787
9.28,96.5639328701494,0.12420313060283661
9.29,96.5639328701494,0.12057031691074371
9.3,96.86668727512233,0.11839061975479126
9.31,97.16944168009528,0.12420313060283661
9.32,97.47220850372383,0.14018750190734863
9.33,97.47220850372383,0.1917734295129776
9.34,97.47220850372383,0.25425779819488525
9.35,97.47220850372383,0.2934921979904175
9.36,97.16944168009528,0.26515623927116394
9.37,96.86668727512233,0.20049217343330383
9.38,96.86668727512233,0.1351015716791153
9.39,96.86668727512233,0.11112499237060547
9.4,96.86668727512233,0.1009531244635582
9.41,96.26117225584866,0.09296093136072159
9.42,96.26117225584866,0.0856953039765358
9.43,96.26117225584866,0.07407031208276749
9.44,96.26117225584866,0.08278906345367432
9.45,95.95841164154791,0.09804687649011612
9.46,95.95841164154791,0.1125781238079071
9.47,95.95841164154791,0.12274999916553497
9.48,95.95841164154791,0.12492969632148743
9.49,95.65565102724717,0.12129688262939453
9.5,95.65565102724717,0.11403125524520874
9.51,95.35289662227423,0.10894531011581421
9.52,95.05013600797349,0.10676562786102295
9.53,95.05013600797349,0.10749217867851257
9.54,95.05013600797349,0.10676562786102295
9.55,95.05013600797349,0.10603906214237213
9.56,94.74737539367274,0.10531249642372131
9.57,94.4446209886998,0.10240625590085983
9.58,94.14185416507125,0.10022655874490738
9.59,94.14185416507125,0.09950000792741776
9.6,93.83909976009832,0.09659374505281448
9.61,93.83909976009832,0.09950000792741776
9.62,93.53634535512538,0.1009531244635582
9.63,93.53634535512538,0.10458593815565109
9.64,92.93082412652389,0.10676562786102295
9.65,92.93082412652389,0.10749217867851257
9.66,92.93082412652389,0.10821874439716339
9.67,92.62805730289534,0.10821874439716339
9.68,92.62805730289534,0.10894531011581421
9.69,92.93082412652389,0.10821874439716339
9.7,92.93082412652389,0.10821874439716339
9.71,92.93082412652389,0.1125781238079071
9.72,93.23357853149683,0.13074219226837158
9.73,93.83909976009832,0.1801484376192093
9.74,93.83909976009832,0.24771873652935028
9.75,93.83909976009832,0.28767967224121094
9.76,93.53634535512538,0.1961328089237213
9.77,93.23357853149683,0.15617187321186066
9.78,93.23357853149683,0.13219532370567322
9.79,93.23357853149683,0.11911718547344208
9.8,92.93082412652389,0.1125781238079071
9.81,92.93082412652389,0.10240625590085983
9.82,92.93082412652389,0.09150781482458115
9.83,92.93082412652389,0.07915624976158142
9.84,92.62805730289534,0.09296093136072159
9.85,92.62805730289534,0.10240625590085983
9.86,92.62805730289534,0.10458593815565109
9.87,92.32530289792241,0.10531249642372131
9.88,92.32530289792241,0.10603906214237213
9.89,91.41702726434798,0.10167969018220901
9.9,91.41702726434798,0.09950000792741776
9.91,91.41702726434798,0.10022655874490738
9.92,91.41702726434798,0.09514062851667404
9.93,91.41702726434798,0.09223438054323196
9.94,91.41702726434798,0.08714843541383743
9.95,90.8115060357465,0.08714843541383743
9.96,90.8115060357465,0.08860156685113907
9.97,90.8115060357465,0.09078124910593033
9.98,90.50875163077355,0.09514062851667404
9.99,90.205984807145,0.0973203107714653
10.0,89.90323040217207,0.1009531244635582
10.01,89.60046357854353,0.10458593815565109
10.02,89.60046357854353,0.10603906214237213
10.03,89.60046357854353,0.10676562786102295
10.04,89.60046357854353,0.10821874439716339
10.05,89.60046357854353,0.11185155808925629
10.06,89.60046357854353,0.1125781238079071
10.07,88.69218794496909,0.11112499237060547
10.08,88.69218794496909,0.11185155808925629
10.09,88.69218794496909,0.11403125524520874
10.1,88.69218794496909,0.11548437178134918
10.11,88.69218794496909,0.11403125524520874
10.12,88.99495476859764,0.1125781238079071
10.13,88.99495476859764,0.11330468952655792
10.14,89.60046357854353,0.13364844024181366
10.15,89.60046357854353,0.19104686379432678
10.16,89.60046357854353,0.25135156512260437
10.17,89.60046357854353,0.2796874940395355
10.18,89.60046357854353,0.24917186796665192
10.19,89.60046357854353,0.20267188549041748
10.2,89.60046357854353,0.16779688000679016
10.21,89.60046357854353,0.14890624582767487
10.22,88.99495476859764,0.13437500596046448
10.23,88.99495476859764,0.12057031691074371
10.24,88.69218794496909,0.11185155808925629
10.25,88.69218794496909,0.09804687649011612
10.26,88.38943353999616,0.0856953039765358
10.27,88.38943353999616,0.09005468338727951
10.28,88.08666671636762,0.09877344220876694
10.29,88.08666671636762,0.10676562786102295
10.3,87.78391231139467,0.10894531011581421
10.31,87.78391231139467,0.10603906214237213
10.32,87.78391231139467,0.10313282161951065
10.33,87.48115790642173,0.10313282161951065
10.34,87.17839108279318,0.10385937243700027
10.35,87.17839108279318,0.10022655874490738
10.36,86.87563667782025,0.0973203107714653
10.37,86.87563667782025,0.09950000792741776
10.38,86.87563667782025,0.10167969018220901
10.39,86.57286985419171,0.10240625590085983
10.4,86.57286985419171,0.10385937243700027
10.41,86.57286985419171,0.10458593815565109
10.42,86.57286985419171,0.10385937243700027
10.43,86.27011544921875,0.10531249642372131
10.44,85.96736104424582,0.10967187583446503
10.45,85.66459422061727,0.11403125524520874
10.46,85.66459422061727,0.11330468952655792
10.47,85.66459422061727,0.11548437178134918
10.48,85.66459422061727,0.1162109375
10.49,85.66459422061727,0.1198437511920929
10.5,85.66459422061727,0.12202343344688416
10.51,85.36183981564433,0.11911718547344208
10.52,85.36183981564433,0.11911718547344208
10.53,85.36183981564433,0.11766406893730164
10.54,85.36183981564433,0.11403125524520874
10.55,85.36183981564433,0.1198437511920929
10.56,85.66459422061727,0.14164061844348907
10.57,85.66459422061727,0.19758594036102295
10.58,85.36183981564433,0.25425779819488525
10.59,85.36183981564433,0.2557109296321869
10.6,85.36183981564433,0.22301563620567322
10.61,85.36183981564433,0.18523436784744263
10.62,85.36183981564433,0.1539921909570694
10.63,85.36183981564433,0.13655468821525574
10.64,85.36183981564433,0.1278359442949295
10.65,85.36183981564433,0.12347656488418579
10.66,85.05907299201579,0.11548437178134918
10.67,84.75631858704284,0.09877344220876694
10.68,84.75631858704284,0.08642186969518661
10.69,84.75631858704284,0.0820624977350235
10.7,84.75631858704284,0.09586719423532486
10.71,84.75631858704284,0.10313282161951065
10.72,84.75631858704284,0.10967187583446503
10.73,84.15079735844137,0.1125781238079071
10.74,84.15079735844137,0.10967187583446503
10.75,84.15079735844137,0.10749217867851257
10.76,84.15079735844137,0.10821874439716339
10.77,84.15079735844137,0.10676562786102295
10.78,84.15079735844137,0.10458593815565109
10.79,83.54527612983988,0.10458593815565109
10.8,83.54527612983988,0.10458593815565109
10.81,83.24252172486693,0.10385937243700027
10.82,83.24252172486693,0.10313282161951065
10.83,82.939767319894,0.10531249642372131
10.84,82.939767319894,0.10603906214237213
10.85,82.939767319894,0.10531249642372131
10.86,82.939767319894,0.10894531011581421
10.87,82.63700049626546,0.11330468952655792
10.88,82.63700049626546,0.11112499237060547
10.89,82.63700049626546,0.1125781238079071
10.9,82.63700049626546,0.11112499237060547
10.91,82.03147926766395,0.11403125524520874
10.92,82.03147926766395,0.1162109375
10.93,82.03147926766395,0.1162109375
10.94,82.03147926766395,0.11839061975479126
10.95,81.72872486269102,0.11693750321865082
10.96,81.72872486269102,0.11839061975479126
10.97,81.72872486269102,0.1198437511920929
10.98,81.72872486269102,0.11766406893730164
10.99,81.72872486269102,0.11475780606269836
11.0,81.72872486269102,0.11475780606269836
11.01,82.03147926766395,0.1198437511920929
11.02,82.03147926766395,0.14382030069828033
11.03,82.03147926766395,0.20267188549041748
11.04,82.03147926766395,0.252804696559906
11.05,82.03147926766395,0.24989844858646393
11.06,82.03147926766395,0.21357032656669617
11.07,82.03147926766395,0.1728828102350235
11.08,82.03147926766395,0.14745311439037323
11.09,81.72872486269102,0.13437500596046448
11.1,81.72872486269102,0.12638281285762787
11.11,81.72872486269102,0.1198437511920929
11.12,81.72872486269102,0.11403125524520874
11.13,81.4259704577181,0.10022655874490738
11.14,81.4259704577181,0.08932811766862869
11.15,81.4259704577181,0.08860156685113907
11.16,81.12320363408953,0.09514062851667404
11.17,80.82044922911659,0.10313282161951065
11.18,80.82044922911659,0.10749217867851257
11.19,80.82044922911659,0.11112499237060547
11.2,80.51768240548805,0.11475780606269836
11.21,80.51768240548805,0.11403125524520874
11.22,80.51768240548805,0.11112499237060547
11.23,80.21492800051512,0.10821874439716339
11.24,80.21492800051512,0.10458593815565109
11.25,79.91216738621438,0.10313282161951065
11.26,79.91216738621438,0.09877344220876694
11.27,79.91216738621438,0.10167969018220901
11.28,79.91216738621438,0.10676562786102295
11.29,79.60940677191363,0.11475780606269836
11.3,79.60940677191363,0.12856251001358032
11.31,79.60940677191363,0.1459999978542328
11.32,79.60940677191363,0.16053125262260437
11.33,79.60940677191363,0.15907812118530273
11.34,79.60940677191363,0.1503593772649765
11.35,79.30665236694068,0.1351015716791153
11.36,79.00389175263994,0.11766406893730164
11.37,79.00389175263994,0.10240625590085983
11.38,78.7011311383392,0.0936874970793724
11.39,78.7011311383392,0.08787500113248825
11.4,78.7011311383392,0.08714843541383743
11.41,78.39837052403846,0.0856953039765358
11.42,78.39837052403846,0.0856953039765358
11.43,78.39837052403846,0.0856953039765358
11.44,78.39837052403846,0.08932811766862869
11.45,78.7011311383392,0.09877344220876694
11.46,78.7011311383392,0.13219532370567322
11.47,78.7011311383392,0.18305468559265137
11.48,78.39837052403846,0.21139061450958252
11.49,78.39837052403846,0.19903907179832458
11.5,78.39837052403846,0.1692499965429306
11.51,78.0956099097377,0.14091405272483826
11.52,78.0956099097377,0.12638281285762787
11.53,77.79285550476477,0.11911718547344208
11.54,77.79285550476477,0.1198437511920929
11.55,77.79285550476477,0.11330468952655792
11.56,77.79285550476477,0.10458593815565109
11.57,77.79285550476477,0.09223438054323196
11.58,77.49009489046404,0.09223438054323196
11.59,77.49009489046404,0.09950000792741776
11.6,77.49009489046404,0.11185155808925629
11.61,77.1873342761633,0.12274999916553497
11.62,76.88457987119034,0.12928906083106995
11.63,76.88457987119034,0.1271093785762787
11.64,76.88457987119034,0.1271093785762787
11.65,76.88457987119034,0.12492969632148743
11.66,76.5818192568896,0.12057031691074371
11.67,76.27905864258886,0.11839061975479126
11.68,76.27905864258886,0.11766406893730164
11.69,75.97630423761592,0.11693750321865082
11.7,75.97630423761592,0.11693750321865082
11.71,75.97630423761592,0.11766406893730164
11.72,75.97630423761592,0.11548437178134918
11.73,75.97630423761592,0.1162109375
11.74,75.97630423761592,0.1198437511920929
11.75,75.97630423761592,0.12202343344688416
11.76,75.67354362331517,0.12202343344688416
11.77,75.67354362331517,0.12274999916553497
11.78,75.67354362331517,0.12274999916553497
11.79,75.67354362331517,0.11911718547344208
11.8,75.37078300901443,0.1198437511920929
11.81,75.37078300901443,0.12492969632148743
11.82,75.37078300901443,0.13074219226837158
11.83,75.37078300901443,0.1351015716791153
11.84,75.37078300901443,0.13292187452316284
11.85,75.37078300901443,0.1278359442949295
11.86,75.67354362331517,0.12420313060283661
11.87,75.67354362331517,0.1351015716791153
11.88,75.97630423761592,0.1772421896457672
11.89,75.97630423761592,0.22882813215255737
11.9,75.97630423761592,0.23464061319828033
11.91,75.67354362331517,0.20267188549041748
11.92,75.67354362331517,0.16997656226158142
11.93,75.67354362331517,0.1459999978542328
11.94,75.67354362331517,0.1351015716791153
11.95,75.67354362331517,0.13364844024181366
11.96,75.37078300901443,0.12928906083106995
11.97,75.37078300901443,0.12347656488418579
11.98,75.37078300901443,0.11475780606269836
11.99,75.0680223947137,0.10385937243700027
12.0,75.0680223947137,0.1009531244635582
12.01,75.0680223947137,0.11330468952655792
12.02,75.0680223947137,0.11911718547344208
12.03,74.76526798974076,0.12057031691074371
12.04,74.76526798974076,0.11548437178134918
12.05,74.46250737544,0.10894531011581421
12.06,74.46250737544,0.10385937243700027
12.07,74.46250737544,0.10821874439716339
12.08,74.15974676113926,0.1125781238079071
12.09,74.15974676113926,0.10749217867851257
12.1,74.15974676113926,0.10458593815565109
12.11,73.85698614683852,0.11039844155311584
12.12,73.85698614683852,0.10967187583446503
12.13,73.85698614683852,0.11039844155311584
12.14,73.85698614683852,0.10967187583446503
12.15,73.85698614683852,0.11112499237060547
12.16,73.85698614683852,0.11039844155311584
12.17,73.55422553253779,0.11185155808925629
12.18,73.55422553253779,0.11548437178134918
12.19,73.55422553253779,0.11839061975479126
12.2,73.55422553253779,0.11766406893730164
12.21,73.55422553253779,0.11548437178134918
12.22,73.25147112756484,0.11403125524520874
12.23,73.25147112756484,0.11403125524520874
12.24,72.94871051326409,0.12057031691074371
12.25,72.94871051326409,0.12057031691074371
12.26,72.94871051326409,0.12274999916553497
12.27,72.94871051326409,0.12420313060283661
12.28,72.94871051326409,0.13001562654972076
12.29,73.25147112756484,0.14963281154632568
12.3,73.25147112756484,0.19395312666893005
12.31,73.55422553253779,0.229554682970047
12.32,73.55422553253779,0.2222890555858612
12.33,73.55422553253779,0.19322654604911804
12.34,73.55422553253779,0.16416406631469727
12.35,73.55422553253779,0.1459999978542328
12.36,73.55422553253779,0.13364844024181366
12.37,73.55422553253779,0.12638281285762787
12.38,73.25147112756484,0.11766406893730164
12.39,73.25147112756484,0.11039844155311584
12.4,73.25147112756484,0.10821874439716339
12.41,73.25147112756484,0.10022655874490738
12.42,73.25147112756484,0.09296093136072159
12.43,73.25147112756484,0.0936874970793724
12.44,72.94871051326409,0.10167969018220901
12.45,72.64594989896335,0.11185155808925629
12.46,72.64594989896335,0.1125781238079071
12.47,72.34318928466261,0.11039844155311584
12.48,72.34318928466261,0.10894531011581421
12.49,72.04042867036188,0.10676562786102295
12.5,71.73767426538892,0.10240625590085983
12.51,71.73767426538892,0.10022655874490738
12.52,71.73767426538892,0.1009531244635582
12.53,72.04042867036188,0.10313282161951065
12.54,72.04042867036188,0.10385937243700027
12.55,72.04042867036188,0.10531249642372131
12.56,72.04042867036188,0.10821874439716339
12.57,71.73767426538892,0.11403125524520874
12.58,71.43491365108818,0.11911718547344208
12.59,71.73767426538892,0.12492969632148743
12.6,71.73767426538892,0.13001562654972076
12.61,71.43491365108818,0.1314687579870224
12.62,71.43491365108818,0.1351015716791153
12.63,71.43491365108818,0.13655468821525574
12.64,71.43491365108818,0.138734370470047
12.65,71.43491365108818,0.1351015716791153
12.66,71.43491365108818,0.12856251001358032
12.67,70.8293924224867,0.1198437511920929
12.68,70.8293924224867,0.11911718547344208
12.69,70.52663180818597,0.11693750321865082
12.7,70.52663180818597,0.1162109375
12.71,71.13215303678744,0.11548437178134918
12.72,71.13215303678744,0.11766406893730164
12.73,71.13215303678744,0.11839061975479126
12.74,71.43491365108818,0.12202343344688416
12.75,71.43491365108818,0.14091405272483826
12.76,71.43491365108818,0.22083595395088196
12.77,71.43491365108818,0.19467967748641968
12.78,71.43491365108818,0.16779688000679016
12.79,71.43491365108818,0.14817968010902405
12.8,71.43491365108818,0.13946093618869781
12.81,71.43491365108818,0.13364844024181366
12.82,71.43491365108818,0.12638281285762787
12.83,71.13215303678744,0.11911718547344208
12.84,71.13215303678744,0.11548437178134918
12.85,71.13215303678744,0.10676562786102295
12.86,70.8293924224867,0.10022655874490738
12.87,70.8293924224867,0.10022655874490738
12.88,70.8293924224867,0.10531249642372131
12.89,70.8293924224867,0.10894531011581421
12.9,70.52663180818597,0.10967187583446503
12.91,70.52663180818597,0.10967187583446503
12.92,70.52663180818597,0.10749217867851257
12.93,70.22387740321301,0.1009531244635582
12.94,70.22387740321301,0.09659374505281448
12.95,70.22387740321301,0.10022655874490738
12.96,69.92111678891227,0.09950000792741776
12.97,69.61835617461153,0.09514062851667404
12.98,69.61835617461153,0.0973203107714653
12.99,69.3155955603108,0.10022655874490738
13.0,69.3155955603108,0.0973203107714653
13.01,69.01283494601005,0.0973203107714653
13.02,68.7100805410371,0.10167969018220901
13.03,68.7100805410371,0.10603906214237213
13.04,68.7100805410371,0.10749217867851257
13.05,68.7100805410371,0.11839061975479126
13.06,68.7100805410371,0.11911718547344208
13.07,68.7100805410371,0.11548437178134918
13.08,68.7100805410371,0.11911718547344208
13.09,68.7100805410371,0.12638281285762787
13.1,68.40731992673636,0.13219532370567322
13.11,68.40731992673636,0.1358281373977661
13.12,68.40731992673636,0.14164061844348907
13.13,68.7100805410371,0.15181249380111694
13.14,68.40731992673636,0.14963281154632568
13.15,68.7100805410371,0.13728125393390656
13.16,68.7100805410371,0.12347656488418579
13.17,68.7100805410371,0.12928906083106995
13.18,69.01283494601005,0.1619843691587448
13.19,69.01283494601005,0.20194530487060547
13.2,68.7100805410371,0.20775780081748962
13.21,68.7100805410371,0.18305468559265137
13.22,68.7100805410371,0.1576250046491623
13.23,68.7100805410371,0.13728125393390656
13.24,68.40731992673636,0.1125781238079071
13.25,68.40731992673636,0.10894531011581421
13.26,68.40731992673636,0.10821874439716339
13.27,68.40731992673636,0.10458593815565109
13.28,68.10455931243563,0.09950000792741776
13.29,68.10455931243563,0.10167969018220901
13.3,68.10455931243563,0.10894531011581421
13.31,68.10455931243563,0.11911718547344208
13.32,67.80179869813489,0.12492969632148743
13.33,67.80179869813489,0.12347656488418579
13.34,67.49903808383412,0.11839061975479126
13.35,67.49903808383412,0.11112499237060547
13.36,67.49903808383412,0.10676562786102295
13.37,67.49903808383412,0.10676562786102295
13.38,67.19628367886119,0.10603906214237213
13.39,67.49903808383412,0.10603906214237213
13.4,67.19628367886119,0.10676562786102295
13.41,67.19628367886119,0.10603906214237213
13.42,67.19628367886119,0.10603906214237213
13.43,67.19628367886119,0.10749217867851257
13.44,66.89352306456045,0.11039844155311584
13.45,66.89352306456045,0.1198437511920929
13.46,66.89352306456045,0.12492969632148743
13.47,66.89352306456045,0.1271093785762787
13.48,66.59076245025972,0.1271093785762787
13.49,66.59076245025972,0.12347656488418579
13.5,66.28800183595897,0.11693750321865082
13.51,66.28800183595897,0.11185155808925629
13.52,66.28800183595897,0.11548437178134918
13.53,66.28800183595897,0.11475780606269836
13.54,66.28800183595897,0.11548437178134918
13.55,66.28800183595897,0.11693750321865082
13.56,66.59076245025972,0.12202343344688416
13.57,66.59076245025972,0.14382030069828033
13.58,66.59076245025972,0.19322654604911804
13.59,66.59076245025972,0.21647655963897705
13.6,66.59076245025972,0.20412498712539673
13.61,66.59076245025972,0.17869532108306885
13.62,66.59076245025972,0.1539921909570694
13.63,66.59076245025972,0.14018750190734863
13.64,66.28800183595897,0.13437500596046448
13.65,66.28800183595897,0.13074219226837158
13.66,66.28800183595897,0.12420313060283661
13.67,66.28800183595897,0.11911718547344208
13.68,66.28800183595897,0.11330468952655792
13.69,66.28800183595897,0.10385937243700027
13.7,66.28800183595897,0.10022655874490738
13.71,66.28800183595897,0.10458593815565109
13.72,66.28800183595897,0.11185155808925629
13.73,65.98524122165821,0.11693750321865082
13.74,65.68248681668528,0.11911718547344208
13.75,65.68248681668528,0.11911718547344208
13.76,65.68248681668528,0.11475780606269836
13.77,65.68248681668528,0.11185155808925629
13.78,65.37972620238455,0.10967187583446503
13.79,65.37972620238455,0.10894531011581421
13.8,65.37972620238455,0.10749217867851257
13.81,65.0769655880838,0.10385937243700027
13.82,65.0769655880838,0.10531249642372131
13.83,65.0769655880838,0.10894531011581421
13.84,65.0769655880838,0.11185155808925629
13.85,64.77420497378304,0.1125781238079071
13.86,64.77420497378304,0.11039844155311584
13.87,64.77420497378304,0.11330468952655792
13.88,64.77420497378304,0.11330468952655792
13.89,64.77420497378304,0.11693750321865082
13.9,64.77420497378304,0.11693750321865082
13.91,64.4714443594823,0.11403125524520874
13.92,64.16868995450938,0.11475780606269836
13.93,64.16868995450938,0.11766406893730164
13.94,64.16868995450938,0.11911718547344208
13.95,64.16868995450938,0.1162109375
13.96,64.16868995450938,0.11475780606269836
13.97,64.4714443594823,0.11839061975479126
13.98,64.4714443594823,0.1314687579870224
13.99,64.4714443594823,0.17070312798023224
14.0,64.4714443594823,0.19758594036102295
14.01,64.4714443594823,0.19249999523162842
14.02,64.4714443594823,0.1728828102350235
14.03,64.16868995450938,0.15689843893051147
14.04,64.16868995450938,0.14164061844348907
14.05,64.16868995450938,0.13364844024181366
14.06,64.16868995450938,0.12856251001358032
14.07,63.86592934020863,0.12420313060283661
14.08,63.86592934020863,0.11911718547344208
14.09,63.86592934020863,0.1125781238079071
14.1,63.86592934020863,0.1009531244635582
14.11,63.86592934020863,0.10821874439716339
14.12,63.86592934020863,0.10749217867851257
14.13,63.56316872590788,0.10967187583446503
14.14,63.56316872590788,0.11548437178134918
14.15,63.56316872590788,0.12202343344688416
14.16,63.56316872590788,0.12420313060283661
14.17,63.56316872590788,0.12274999916553497
14.18,63.56316872590788,0.11839061975479126
14.19,63.26040811160714,0.1162109375
14.2,63.26040811160714,0.11330468952655792
14.21,63.26040811160714,0.1125781238079071
14.22,63.26040811160714,0.1125781238079071
14.23,63.26040811160714,0.11185155808925629
14.24,63.26040811160714,0.11112499237060547
14.25,63.26040811160714,0.1125781238079071
14.26,62.65489309233346,0.11403125524520874
14.27,62.65489309233346,0.1162109375
14.28,62.65489309233346,0.11839061975479126
14.29,62.65489309233346,0.11839061975479126
14.3,62.65489309233346,0.11693750321865082
14.31,62.65489309233346,0.11766406893730164
14.32,62.65489309233346,0.12274999916553497
14.33,62.65489309233346,0.12129688262939453
14.34,62.65489309233346,0.11839061975479126
14.35,62.04937186373197,0.11693750321865082
14.36,62.04937186373197,0.11693750321865082
14.37,62.35213247803271,0.11693750321865082
14.38,62.35213247803271,0.12856251001358032
14.39,62.35213247803271,0.16271093487739563
14.4,62.35213247803271,0.1881406158208847
14.41,62.35213247803271,0.18959374725818634
14.42,62.35213247803271,0.17578907310962677
14.43,62.35213247803271,0.15835155546665192
14.44,62.65489309233346,0.14745311439037323
14.45,62.35213247803271,0.14018750190734863
14.46,62.35213247803271,0.1358281373977661
14.47,62.35213247803271,0.13219532370567322
14.48,62.35213247803271,0.12638281285762787
14.49,62.35213247803271,0.11475780606269836
14.5,62.35213247803271,0.10458593815565109
14.51,62.35213247803271,0.10749217867851257
14.52,62.35213247803271,0.11766406893730164
14.53,62.04937186373197,0.1198437511920929
14.54,62.04937186373197,0.11911718547344208
14.55,62.04937186373197,0.11839061975479126
14.56,62.04937186373197,0.11766406893730164
14.57,61.746611249431226,0.11475780606269836
14.58,61.746611249431226,0.1125781238079071
14.59,61.44385063513049,0.11185155808925629
14.6,61.44385063513049,0.10967187583446503
14.61,61.14109623015755,0.10676562786102295
14.62,61.14109623015755,0.10749217867851257
14.63,61.14109623015755,0.10676562786102295
14.64,61.14109623015755,0.10676562786102295
14.65,61.14109623015755,0.10749217867851257
14.66,61.14109623015755,0.10894531011581421
14.67,60.8383356158568,0.10749217867851257
14.68,60.8383356158568,0.11039844155311584
14.69,60.8383356158568,0.11330468952655792
14.7,60.53557500155606,0.11403125524520874
14.71,60.53557500155606,0.11185155808925629
14.72,60.23281438725532,0.11330468952655792
14.73,60.23281438725532,0.1162109375
14.74,60.23281438725532,0.11766406893730164
14.75,60.23281438725532,0.1162109375
14.76,60.23281438725532,0.11766406893730164
14.77,60.23281438725532,0.11911718547344208
14.78,60.23281438725532,0.13364844024181366
14.79,60.23281438725532,0.15617187321186066
14.8,60.23281438725532,0.18378125131130219
14.81,60.23281438725532,0.184507817029953
14.82,60.23281438725532,0.1692499965429306
14.83,60.23281438725532,0.15253905951976776
14.84,60.23281438725532,0.138734370470047
14.85,60.23281438725532,0.1314687579870224
14.86,60.23281438725532,0.13074219226837158
14.87,59.93005377295458,0.12856251001358032
14.88,59.93005377295458,0.12202343344688416
14.89,59.93005377295458,0.1162109375
14.9,59.93005377295458,0.10967187583446503
14.91,59.93005377295458,0.10821874439716339
14.92,59.93005377295458,0.11330468952655792
14.93,59.93005377295458,0.11911718547344208
14.94,59.93005377295458,0.12274999916553497
14.95,59.93005377295458,0.12274999916553497
14.96,59.62729936798163,0.12129688262939453
14.97,59.62729936798163,0.11911718547344208
14.98,59.62729936798163,0.1198437511920929
14.99,59.32453875368089,0.1198437511920929
15.0,59.32453875368089,0.11693750321865082
15.01,59.32453875368089,0.11330468952655792
15.02,59.32453875368089,0.11693750321865082
15.03,59.021778139380146,0.1162109375
15.04,59.021778139380146,0.1162109375
15.05,59.021778139380146,0.1162109375
15.06,59.021778139380146,0.11766406893730164
15.07,59.021778139380146,0.11766406893730164
15.08,59.021778139380146,0.11548437178134918
15.09,58.41626312010646,0.11330468952655792
15.1,58.41626312010646,0.11330468952655792
15.11,58.41626312010646,0.1162109375
15.12,58.41626312010646,0.1162109375
15.13,58.41626312010646,0.11330468952655792
15.14,58.41626312010646,0.11475780606269836
15.15,58.71901752507941,0.11766406893730164
15.16,58.71901752507941,0.13219532370567322
15.17,58.71901752507941,0.1619843691587448
15.18,58.71901752507941,0.17578907310962677
15.19,58.41626312010646,0.16997656226158142
15.2,58.41626312010646,0.15471874177455902
15.21,58.71901752507941,0.14164061844348907
15.22,58.71901752507941,0.13292187452316284
15.23,58.41626312010646,0.1278359442949295
15.24,58.11350250580572,0.12565624713897705
15.25,58.11350250580572,0.12274999916553497
15.26,58.11350250580572,0.11839061975479126
15.27,58.11350250580572,0.10967187583446503
15.28,57.810741891504975,0.10385937243700027
15.29,57.810741891504975,0.10603906214237213
15.3,57.810741891504975,0.11039844155311584
15.31,57.507987486532045,0.11403125524520874
15.32,57.507987486532045,0.11911718547344208
15.33,57.2052268722313,0.11839061975479126
15.34,57.2052268722313,0.11475780606269836
15.35,57.2052268722313,0.1162109375
15.36,57.2052268722313,0.1162109375
15.37,57.2052268722313,0.1125781238079071
15.38,57.2052268722313,0.11185155808925629
15.39,57.2052268722313,0.11330468952655792
15.4,56.90246625793055,0.11330468952655792
15.41,56.59971185295761,0.11330468952655792
15.42,56.59971185295761,0.1125781238079071
15.43,56.59971185295761,0.11330468952655792
15.44,56.59971185295761,0.11330468952655792
15.45,56.59971185295761,0.11403125524520874
15.46,56.59971185295761,0.11475780606269836
15.47,56.59971185295761,0.1162109375
15.48,56.59971185295761,0.11839061975479126
15.49,56.296951238656874,0.1162109375
15.5,56.296951238656874,0.11548437178134918
15.51,56.296951238656874,0.11693750321865082
15.52,56.296951238656874,0.12057031691074371
15.53,56.296951238656874,0.11839061975479126
15.54,56.296951238656874,0.11475780606269836
15.55,56.296951238656874,0.12492969632148743
15.56,56.296951238656874,0.15471874177455902
15.57,56.296951238656874,0.17578907310962677
15.58,56.296951238656874,0.17433594167232513
15.59,56.296951238656874,0.16489063203334808
15.6,56.296951238656874,0.1503593772649765
15.61,56.296951238656874,0.14018750190734863
15.62,56.296951238656874,0.13219532370567322
15.63,55.99419062435613,0.1314687579870224
15.64,55.99419062435613,0.13001562654972076
15.65,55.99419062435613,0.13001562654972076
15.66,55.69143001005538,0.13074219226837158
15.67,55.69143001005538,0.12129688262939453
15.68,55.69143001005538,0.11330468952655792
15.69,55.38866939575464,0.11475780606269836
15.7,55.38866939575464,0.12129688262939453
15.71,55.38866939575464,0.12492969632148743
15.72,55.38866939575464,0.1271093785762787
15.73,55.38866939575464,0.12492969632148743
15.74,55.38866939575464,0.13001562654972076
15.75,55.38866939575464,0.13437500596046448
15.76,55.38866939575464,0.12856251001358032
15.77,55.38866939575464,0.12057031691074371
15.78,55.38866939575464,0.1125781238079071
15.79,55.38866939575464,0.11112499237060547
15.8,55.0859149907817,0.12057031691074371
15.81,55.0859149907817,0.12129688262939453
15.82,54.78315437648096,0.12057031691074371
15.83,54.78315437648096,0.11475780606269836
15.84,54.78315437648096,0.10967187583446503
15.85,54.78315437648096,0.10676562786102295
15.86,54.78315437648096,0.11112499237060547
15.87,54.78315437648096,0.11475780606269836
15.88,54.48039376218021,0.11548437178134918
15.89,54.48039376218021,0.11766406893730164
15.9,54.48039376218021,0.11548437178134918
15.91,54.48039376218021,0.11475780606269836
15.92,54.48039376218021,0.11693750321865082
15.93,54.48039376218021,0.11693750321865082
15.94,54.78315437648096,0.12129688262939453
15.95,54.78315437648096,0.1430937498807907
15.96,54.78315437648096,0.16416406631469727
15.97,54.78315437648096,0.16852344572544098
15.98,54.78315437648096,0.1619843691587448
15.99,54.78315437648096,0.15471874177455902
16.0,54.78315437648096,0.14817968010902405
16.01,54.78315437648096,0.14018750190734863
16.02,54.78315437648096,0.13292187452316284
16.03,54.177633147879476,0.12638281285762787
16.04,53.87487253357873,0.12565624713897705
16.05,53.87487253357873,0.12347656488418579
16.06,53.87487253357873,0.1162109375
16.07,54.177633147879476,0.10894531011581421
16.08,54.177633147879476,0.10967187583446503
16.09,54.177633147879476,0.11403125524520874
16.1,53.87487253357873,0.11766406893730164
16.11,53.87487253357873,0.12057031691074371
16.12,53.57211812860579,0.1162109375
16.13,53.57211812860579,0.11330468952655792
16.14,53.57211812860579,0.10967187583446503
16.15,53.57211812860579,0.10967187583446503
16.16,53.26935751430504,0.11330468952655792
16.17,53.26935751430504,0.11693750321865082
16.18,53.26935751430504,0.11403125524520874
16.19,53.26935751430504,0.10821874439716339
16.2,53.26935751430504,0.10749217867851257
16.21,53.26935751430504,0.10821874439716339
16.22,52.966596900004305,0.10894531011581421
16.23,52.66383628570356,0.11112499237060547
16.24,52.66383628570356,0.11330468952655792
16.25,52.66383628570356,0.11403125524520874
16.26,52.66383628570356,0.11548437178134918
16.27,52.66383628570356,0.1162109375
16.28,52.66383628570356,0.11839061975479126
16.29,52.66383628570356,0.1198437511920929
16.3,52.66383628570356,0.12202343344688416
16.31,52.361075671402816,0.12057031691074371
16.32,52.361075671402816,0.11911718547344208
16.33,52.361075671402816,0.11839061975479126
16.34,52.361075671402816,0.11839061975479126
16.35,52.361075671402816,0.11766406893730164
16.36,52.05832126642988,0.11911718547344208
16.37,52.05832126642988,0.14018750190734863
16.38,52.05832126642988,0.18232813477516174
16.39,52.05832126642988,0.18378125131130219
16.4,52.05832126642988,0.16634374856948853
16.41,52.05832126642988,0.14890624582767487
16.42,52.361075671402816,0.13800781965255737
16.43,52.361075671402816,0.13437500596046448
16.44,52.361075671402816,0.13001562654972076
16.45,52.05832126642988,0.12856251001358032
16.46,52.05832126642988,0.12347656488418579
16.47,52.05832126642988,0.11475780606269836
16.48,51.755560652129134,0.10603906214237213
16.49,51.755560652129134,0.10749217867851257
16.5,51.45280003782839,0.11403125524520874
16.51,51.45280003782839,0.11839061975479126
16.52,51.755560652129134,0.12057031691074371
16.53,51.755560652129134,0.1198437511920929
16.54,51.45280003782839,0.11766406893730164
16.55,51.45280003782839,0.11766406893730164
16.56,51.45280003782839,0.11911718547344208
16.57,51.150039423527645,0.11766406893730164
16.58,51.150039423527645,0.11403125524520874
16.59,50.84727880922691,0.11112499237060547
16.6,50.84727880922691,0.11185155808925629
16.61,50.84727880922691,0.11330468952655792
16.62,50.84727880922691,0.11330468952655792
16.63,50.84727880922691,0.1162109375
16.64,50.54452440425396,0.1162109375
16.65,50.54452440425396,0.11548437178134918
16.66,50.54452440425396,0.11693750321865082
16.67,50.54452440425396,0.12057031691074371
16.68,50.54452440425396,0.11911718547344208
16.69,50.241763789953225,0.11839061975479126
16.7,50.241763789953225,0.11766406893730164
16.71,50.241763789953225,0.12202343344688416
16.72,50.241763789953225,0.12492969632148743
16.73,50.241763789953225,0.12274999916553497
16.74,49.93900317565248,0.12274999916553497
16.75,49.93900317565248,0.12202343344688416
16.76,49.93900317565248,0.12492969632148743
16.77,50.241763789953225,0.1423671841621399
16.78,50.241763789953225,0.16707031428813934
16.79,50.241763789953225,0.17360937595367432
16.8,50.241763789953225,0.16852344572544098
16.81,50.241763789953225,0.15835155546665192
16.82,49.93900317565248,0.14527343213558197
16.83,49.93900317565248,0.1351015716791153
16.84,49.636242561351736,0.12856251001358032
16.85,49.636242561351736,0.12420313060283661
16.86,49.636242561351736,0.11911718547344208
16.87,49.636242561351736,0.1162109375
16.88,49.636242561351736,0.10821874439716339
16.89,49.636242561351736,0.10531249642372131
16.9,49.636242561351736,0.11039844155311584
16.91,49.636242561351736,0.11693750321865082
16.92,49.333481947051,0.12057031691074371
16.93,49.333481947051,0.1198437511920929
16.94,49.333481947051,0.12129688262939453
16.95,49.030727542078054,0.1198437511920929
16.96,49.030727542078054,0.12057031691074371
16.97,49.030727542078054,0.11548437178134918
16.98,49.030727542078054,0.11475780606269836
16.99,49.030727542078054,0.11403125524520874
17.0,49.030727542078054,0.11403125524520874
17.01,49.030727542078054,0.11548437178134918
17.02,49.030727542078054,0.11693750321865082
17.03,49.030727542078054,0.1162109375
17.04,48.72796692777731,0.11548437178134918
17.05,48.72796692777731,0.11766406893730164
17.06,48.425206313476565,0.11911718547344208
17.07,48.425206313476565,0.1198437511920929
17.08,48.425206313476565,0.11911718547344208
17.09,48.425206313476565,0.11766406893730164
17.1,48.425206313476565,0.12057031691074371
17.11,48.425206313476565,0.12420313060283661
17.12,48.425206313476565,0.12492969632148743
17.13,48.12244569917583,0.12492969632148743
17.14,48.12244569917583,0.12492969632148743
17.15,48.12244569917583,0.12420313060283661
17.16,48.12244569917583,0.12347656488418579
17.17,47.81968508487508,0.12347656488418579
17.18,47.81968508487508,0.12347656488418579
17.19,47.81968508487508,0.12274999916553497
17.2,48.12244569917583,0.13800781965255737
17.21,48.12244569917583,0.15980468690395355
17.22,48.12244569917583,0.17215625941753387
17.23,48.12244569917583,0.16779688000679016
17.24,48.12244569917583,0.15253905951976776
17.25,48.12244569917583,0.14018750190734863
17.26,48.12244569917583,0.13437500596046448
17.27,48.12244569917583,0.12928906083106995
17.28,47.81968508487508,0.12492969632148743
17.29,47.81968508487508,0.12347656488418579
17.3,47.81968508487508,0.12129688262939453
17.31,47.51693067990214,0.11548437178134918
17.32,47.51693067990214,0.11112499237060547
17.33,47.2141700656014,0.11330468952655792
17.34,47.2141700656014,0.11766406893730164
17.35,47.2141700656014,0.1198437511920929
17.36,47.2141700656014,0.12129688262939453
17.37,47.2141700656014,0.12347656488418579
17.38,47.2141700656014,0.12129688262939453
17.39,47.2141700656014,0.11839061975479126
17.4,47.2141700656014,0.11766406893730164
17.41,47.2141700656014,0.11766406893730164
17.42,47.2141700656014,0.1162109375
17.43,47.2141700656014,0.1162109375
17.44,47.2141700656014,0.1162109375
17.45,46.911409451300656,0.11475780606269836
17.46,46.911409451300656,0.1125781238079071
17.47,46.911409451300656,0.1125781238079071
17.48,46.911409451300656,0.11185155808925629
17.49,46.911409451300656,0.11403125524520874
17.5,46.911409451300656,0.11693750321865082
17.51,46.60864883699991,0.11766406893730164
17.52,46.30588822269917,0.11693750321865082
17.53,46.00313381772623,0.1162109375
17.54,46.00313381772623,0.11839061975479126
17.55,46.00313381772623,0.1198437511920929
17.56,46.00313381772623,0.12347656488418579
17.57,46.00313381772623,0.12420313060283661
17.58,46.30588822269917,0.12565624713897705
17.59,46.30588822269917,0.13001562654972076
17.6,46.30588822269917,0.13001562654972076
17.61,46.30588822269917,0.13001562654972076
17.62,46.30588822269917,0.13655468821525574
17.63,46.30588822269917,0.15617187321186066
17.64,46.30588822269917,0.17070312798023224
17.65,46.30588822269917,0.17796875536441803
17.66,46.30588822269917,0.17433594167232513
17.67,46.60864883699991,0.16343750059604645
17.68,46.60864883699991,0.14890624582767487
17.69,46.60864883699991,0.14018750190734863
17.7,46.30588822269917,0.13437500596046448
17.71,46.60864883699991,0.13074219226837158
17.72,46.30588822269917,0.12638281285762787
17.73,46.30588822269917,0.12638281285762787
17.74,46.30588822269917,0.11911718547344208
17.75,46.30588822269917,0.1162109375
17.76,46.30588822269917,0.12347656488418579
17.77,46.30588822269917,0.12638281285762787
17.78,46.30588822269917,0.1278359442949295
17.79,46.30588822269917,0.12856251001358032
17.8,46.00313381772623,0.13074219226837158
17.81,46.00313381772623,0.12565624713897705
17.82,46.00313381772623,0.12420313060283661
17.83,46.00313381772623,0.12129688262939453
17.84,46.00313381772623,0.11693750321865082
17.85,46.00313381772623,0.11330468952655792
17.86,45.700373203425485,0.11185155808925629
17.87,45.700373203425485,0.10749217867851257
17.88,45.700373203425485,0.10531249642372131
17.89,45.700373203425485,0.10531249642372131
17.9,45.700373203425485,0.10821874439716339
17.91,45.39761258912475,0.10894531011581421
17.92,45.39761258912475,0.10967187583446503
17.93,45.39761258912475,0.11039844155311584
17.94,45.39761258912475,0.11330468952655792
17.95,45.39761258912475,0.11475780606269836
17.96,45.39761258912475,0.11403125524520874
17.97,45.39761258912475,0.11403125524520874
17.98,45.094851974824,0.11766406893730164
17.99,45.094851974824,0.11766406893730164
18.0,44.79209136052326,0.11403125524520874
18.01,44.79209136052326,0.11475780606269836
18.02,44.79209136052326,0.11475780606269836
18.03,45.094851974824,0.11839061975479126
18.04,45.094851974824,0.13364844024181366
18.05,45.094851974824,0.15907812118530273
18.06,45.094851974824,0.16852344572544098
18.07,45.094851974824,0.1430937498807907
18.08,44.79209136052326,0.12928906083106995
18.09,44.79209136052326,0.12420313060283661
18.1,44.79209136052326,0.12565624713897705
18.11,44.48933695555032,0.12347656488418579
18.12,44.48933695555032,0.12057031691074371
18.13,44.48933695555032,0.11766406893730164
18.14,44.18657634124958,0.11185155808925629
18.15,44.18657634124958,0.10749217867851257
18.16,44.18657634124958,0.10967187583446503
18.17,44.18657634124958,0.11039844155311584
18.18,44.18657634124958,0.11475780606269836
18.19,44.18657634124958,0.11839061975479126
18.2,44.18657634124958,0.11839061975479126
18.21,43.88381572694883,0.12347656488418579
18.22,43.88381572694883,0.12492969632148743
18.23,43.88381572694883,0.12057031691074371
18.24,43.58105821731199,0.11475780606269836
18.25,43.58105821731199,0.11185155808925629
18.26,43.58105821731199,0.11330468952655792
18.27,43.27829760301125,0.1125781238079071
18.28,43.27829760301125,0.1125781238079071
18.29,43.27829760301125,0.11403125524520874
18.3,43.27829760301125,0.11548437178134918
18.31,43.27829760301125,0.1162109375
18.32,43.27829760301125,0.11693750321865082
18.33,43.27829760301125,0.11766406893730164
18.34,43.27829760301125,0.12129688262939453
18.35,43.27829760301125,0.11911718547344208
18.36,43.27829760301125,0.11766406893730164
18.37,42.97554319803831,0.11766406893730164
18.38,42.97554319803831,0.11766406893730164
18.39,42.672782583737565,0.1162109375
18.4,42.672782583737565,0.11693750321865082
18.41,42.672782583737565,0.11766406893730164
18.42,42.672782583737565,0.12057031691074371
18.43,42.97554319803831,0.12928906083106995
18.44,42.97554319803831,0.1459999978542328
18.45,42.97554319803831,0.15544530749320984
18.46,42.97554319803831,0.1539921909570694
18.47,42.672782583737565,0.14745311439037323
18.48,42.672782583737565,0.1459999978542328
18.49,42.672782583737565,0.1459999978542328
18.5,42.672782583737565,0.14454686641693115
18.51,42.672782583737565,0.14091405272483826
18.52,42.672782583737565,0.1358281373977661
18.53,42.672782583737565,0.1314687579870224
18.54,42.672782583737565,0.1278359442949295
18.55,42.37002196943682,0.12347656488418579
18.56,42.37002196943682,0.11766406893730164
18.57,42.37002196943682,0.11839061975479126
18.58,42.37002196943682,0.12202343344688416
18.59,42.37002196943682,0.12274999916553497
18.6,42.37002196943682,0.12420313060283661
18.61,42.067261355136075,0.12420313060283661
18.62,42.067261355136075,0.12057031691074371
18.63,42.067261355136075,0.1125781238079071
18.64,41.76450074083534,0.10894531011581421
18.65,41.76450074083534,0.10676562786102295
18.66,41.76450074083534,0.10894531011581421
18.67,41.461746335862394,0.11112499237060547
18.68,41.461746335862394,0.1125781238079071
18.69,41.461746335862394,0.11185155808925629
18.7,41.461746335862394,0.11112499237060547
18.71,41.461746335862394,0.11112499237060547
18.72,41.158985721561656,0.10821874439716339
18.73,41.158985721561656,0.11330468952655792
18.74,41.158985721561656,0.11693750321865082
18.75,40.85622510726091,0.11548437178134918
18.76,40.85622510726091,0.12856251001358032
18.77,40.85622510726091,0.13074219226837158
18.78,40.85622510726091,0.1278359442949295
18.79,40.85622510726091,0.12565624713897705
18.8,40.85622510726091,0.13074219226837158
18.81,40.85622510726091,0.13800781965255737
18.82,40.85622510726091,0.15617187321186066
18.83,41.158985721561656,0.1728828102350235
18.84,41.158985721561656,0.17506250739097595
18.85,41.158985721561656,0.1619843691587448
18.86,41.158985721561656,0.14382030069828033
18.87,41.158985721561656,0.12565624713897705
18.88,41.158985721561656,0.1278359442949295
18.89,41.158985721561656,0.13219532370567322
18.9,41.158985721561656,0.1314687579870224
18.91,40.85622510726091,0.1271093785762787
18.92,40.85622510726091,0.12420313060283661
18.93,40.85622510726091,0.11911718547344208
18.94,40.85622510726091,0.1125781238079071
18.95,40.85622510726091,0.11185155808925629
18.96,40.85622510726091,0.11475780606269836
18.97,40.85622510726091,0.12202343344688416
18.98,40.85622510726091,0.12202343344688416
18.99,40.85622510726091,0.1162109375
19.0,40.85622510726091,0.11766406893730164
19.01,40.55346449296017,0.12420313060283661
19.02,40.25070387865942,0.12565624713897705
19.03,40.25070387865942,0.12347656488418579
19.04,40.25070387865942,0.11911718547344208
19.05,40.25070387865942,0.11839061975479126
19.06,40.25070387865942,0.1198437511920929
19.07,40.25070387865942,0.12057031691074371
19.08,39.947949473686485,0.11911718547344208
19.09,39.947949473686485,0.11475780606269836
19.1,39.947949473686485,0.11185155808925629
19.11,39.947949473686485,0.11185155808925629
19.12,39.947949473686485,0.11330468952655792
19.13,39.947949473686485,0.11766406893730164
19.14,39.947949473686485,0.11911718547344208
19.15,39.947949473686485,0.12129688262939453
19.16,39.64518885938574,0.1198437511920929
19.17,39.64518885938574,0.11693750321865082
19.18,39.342428245084996,0.11766406893730164
19.19,39.64518885938574,0.1198437511920929
19.2,39.342428245084996,0.11766406893730164
19.21,39.64518885938574,0.12129688262939453
19.22,39.342428245084996,0.138734370470047
19.23,39.64518885938574,0.15835155546665192
19.24,39.342428245084996,0.16343750059604645
19.25,39.342428245084996,0.15617187321186066
19.26,39.342428245084996,0.1459999978542328
19.27,39.342428245084996,0.1314687579870224
19.28,39.342428245084996,0.12420313060283661
19.29,39.342428245084996,0.1278359442949295
19.3,39.342428245084996,0.12565624713897705
19.31,39.342428245084996,0.12274999916553497
19.32,39.342428245084996,0.11911718547344208
19.33,39.342428245084996,0.1198437511920929
19.34,39.342428245084996,0.11911718547344208
19.35,39.342428245084996,0.1198437511920929
19.36,39.342428245084996,0.12057031691074371
19.37,39.342428245084996,0.12129688262939453
19.38,39.03966763078426,0.12347656488418579
19.39,39.03966763078426,0.12057031691074371
19.4,39.03966763078426,0.11766406893730164
19.41,39.03966763078426,0.12057031691074371
19.42,38.736907016483514,0.12202343344688416
19.43,38.736907016483514,0.11911718547344208
19.44,38.736907016483514,0.11475780606269836
19.45,38.736907016483514,0.11330468952655792
19.46,38.43415261151057,0.11839061975479126
19.47,38.736907016483514,0.1198437511920929
19.48,38.43415261151057,0.11766406893730164
19.49,38.43415261151057,0.11911718547344208
19.5,38.43415261151057,0.1198437511920929
19.51,38.43415261151057,0.11911718547344208
19.52,38.43415261151057,0.1198437511920929
19.53,38.43415261151057,0.12057031691074371
19.54,38.131391997209825,0.12202343344688416
19.55,38.131391997209825,0.12202343344688416
19.56,38.131391997209825,0.12129688262939453
19.57,38.131391997209825,0.11911718547344208
19.58,38.131391997209825,0.11911718547344208
19.59,37.82863138290909,0.1198437511920929
19.6,37.82863138290909,0.12420313060283661
19.61,37.82863138290909,0.1358281373977661
19.62,37.82863138290909,0.15326562523841858
19.63,37.82863138290909,0.15835155546665192
19.64,38.131391997209825,0.15181249380111694
19.65,38.131391997209825,0.1423671841621399
19.66,38.131391997209825,0.13364844024181366
19.67,37.52587076860834,0.12856251001358032
19.68,37.52587076860834,0.1271093785762787
19.69,37.52587076860834,0.12347656488418579
19.7,37.52587076860834,0.12420313060283661
19.71,37.82863138290909,0.12202343344688416
19.72,37.82863138290909,0.1198437511920929
19.73,37.82863138290909,0.11548437178134918
19.74,37.82863138290909,0.11766406893730164
19.75,37.82863138290909,0.1198437511920929
19.76,37.52587076860834,0.12347656488418579
19.77,37.2231101543076,0.12565624713897705
19.78,37.52587076860834,0.12420313060283661
19.79,37.2231101543076,0.12202343344688416
19.8,37.2231101543076,0.12129688262939453
19.81,37.2231101543076,0.12274999916553497
19.82,37.2231101543076,0.12347656488418579
19.83,36.92035574933466,0.1198437511920929
19.84,36.92035574933466,0.1198437511920929
19.85,36.92035574933466,0.12202343344688416
19.86,36.92035574933466,0.12274999916553497
19.87,36.92035574933466,0.12202343344688416
19.88,36.92035574933466,0.12129688262939453
19.89,36.92035574933466,0.12129688262939453
19.9,36.617595135033916,0.12347656488418579
19.91,36.617595135033916,0.12274999916553497
19.92,36.617595135033916,0.12057031691074371
19.93,36.617595135033916,0.11911718547344208
19.94,36.617595135033916,0.1198437511920929
19.95,36.617595135033916,0.12129688262939453
19.96,36.617595135033916,0.12129688262939453
19.97,36.617595135033916,0.12057031691074371
19.98,36.617595135033916,0.1198437511920929
19.99,36.617595135033916,0.1198437511920929
20.0,36.31483452073317,0.12638281285762787
20.01,36.31483452073317,0.14018750190734863
20.02,36.31483452073317,0.1503593772649765
20.03,36.31483452073317,0.15544530749320984
20.04,36.617595135033916,0.1503593772649765
20.05,36.617595135033916,0.1423671841621399
20.06,36.617595135033916,0.13437500596046448
20.07,36.617595135033916,0.12856251001358032
20.08,36.31483452073317,0.12638281285762787
20.09,36.31483452073317,0.12638281285762787
20.1,36.31483452073317,0.12420313060283661
20.11,36.31483452073317,0.1198437511920929
20.12,36.31483452073317,0.11693750321865082
20.13,36.31483452073317,0.11839061975479126
20.14,36.31483452073317,0.12057031691074371
20.15,36.012073906432434,0.12492969632148743
20.16,36.012073906432434,0.12565624713897705
20.17,36.012073906432434,0.12638281285762787
20.18,36.012073906432434,0.12565624713897705
20.19,36.012073906432434,0.12420313060283661
20.2,36.012073906432434,0.12202343344688416
20.21,36.012073906432434,0.12202343344688416
20.22,36.012073906432434,0.12057031691074371
20.23,35.70931329213169,0.1198437511920929
20.24,35.70931329213169,0.11766406893730164
20.25,35.70931329213169,0.11911718547344208
20.26,35.70931329213169,0.12202343344688416
20.27,35.70931329213169,0.12129688262939453
20.28,35.70931329213169,0.12129688262939453
20.29,35.406558887158745,0.12129688262939453
20.3,35.406558887158745,0.12057031691074371
20.31,35.406558887158745,0.12057031691074371
20.32,35.406558887158745,0.12129688262939453
20.33,35.406558887158745,0.12274999916553497
20.34,35.406558887158745,0.11766406893730164
20.35,35.406558887158745,0.11693750321865082
20.36,35.10379827285801,0.12202343344688416
20.37,35.406558887158745,0.12274999916553497
20.38,35.406558887158745,0.12129688262939453
20.39,35.10379827285801,0.1198437511920929
20.4,35.406558887158745,0.12420313060283661
20.41,35.406558887158745,0.1430937498807907
20.42,35.406558887158745,0.15835155546665192
20.43,35.406558887158745,0.15907812118530273
20.44,35.406558887158745,0.14963281154632568
20.45,35.406558887158745,0.138734370470047
20.46,35.10379827285801,0.12928906083106995
20.47,35.10379827285801,0.12565624713897705
20.48,35.10379827285801,0.1278359442949295
20.49,35.10379827285801,0.13074219226837158
20.5,35.10379827285801,0.12856251001358032
20.51,34.80103765855726,0.12274999916553497
20.52,34.80103765855726,0.11839061975479126
20.53,34.80103765855726,0.12057031691074371
20.54,34.80103765855726,0.12274999916553497
20.55,34.80103765855726,0.12347656488418579
20.56,34.80103765855726,0.12274999916553497
20.57,34.80103765855726,0.12202343344688416
20.58,34.80103765855726,0.12347656488418579
20.59,34.80103765855726,0.12420313060283661
20.6,34.80103765855726,0.12057031691074371
20.61,34.80103765855726,0.11911718547344208
20.62,34.80103765855726,0.12057031691074371
20.63,34.49828014892042,0.11911718547344208
20.64,34.49828014892042,0.11693750321865082
20.65,34.49828014892042,0.11693750321865082
20.66,34.49828014892042,0.11839061975479126
20.67,34.49828014892042,0.11766406893730164
20.68,34.49828014892042,0.1198437511920929
20.69,34.49828014892042,0.12057031691074371
20.7,34.49828014892042,0.12057031691074371
20.71,34.19551953461968,0.11766406893730164
20.72,34.19551953461968,0.12129688262939453
20.73,34.19551953461968,0.12347656488418579
20.74,34.19551953461968,0.12129688262939453
20.75,34.19551953461968,0.12129688262939453
20.76,33.89276202498284,0.12274999916553497
20.77,33.89276202498284,0.12274999916553497
20.78,33.89276202498284,0.12202343344688416
20.79,33.89276202498284,0.12347656488418579
20.8,33.590004515345996,0.12274999916553497
20.81,33.590004515345996,0.12129688262939453
20.82,33.590004515345996,0.12420313060283661
20.83,33.590004515345996,0.138734370470047
20.84,33.590004515345996,0.15326562523841858
20.85,33.590004515345996,0.15544530749320984
20.86,33.89276202498284,0.14963281154632568
20.87,33.89276202498284,0.13946093618869781
20.88,33.89276202498284,0.13001562654972076
20.89,33.89276202498284,0.12492969632148743
20.9,33.89276202498284,0.12492969632148743
20.91,33.590004515345996,0.12638281285762787
20.92,33.590004515345996,0.12492969632148743
20.93,33.590004515345996,0.12274999916553497
20.94,33.590004515345996,0.12057031691074371
20.95,33.28724390104525,0.11693750321865082
20.96,33.28724390104525,0.1162109375
20.97,33.28724390104525,0.11911718547344208
20.98,33.590004515345996,0.12274999916553497
20.99,33.28724390104525,0.12638281285762787
